OFF 642 1280 1920
-0.160622 0.702046 -0.69378
-0.0811419 0.62024 -0.780204
-0.237086 0.606825 -0.758652
0.707107 0.371748 0.601501
0.647412 0.296005 0.70231
0.758652 0.237086 0.606825
0.587785 0.425325 0.688191
0.516122 -0.346153 -0.783452
0.45399 -0.46843 -0.757935
0.587785 -0.425325 -0.688191
0.160622 -0.702046 0.69378
0.213023 -0.792649 0.571252
0.296005 -0.70231 0.647412
0.266405 0.963861 0
0.133071 0.987688 -0.0822425
0.262866 0.951057 -0.16246
0 -0.711282 0.702907
0.0811419 -0.62024 0.780204
-0.850651 0.525731 0
-0.864929 0.484442 0.1312
-0.915043 0.403355 0
0.951057 0.16246 0.262866
0.891007 0.238677 0.386187
0.916244 0.301259 0.264083
-0.792649 -0.571252 -0.213023
-0.783843 -0.615642 -0.0810863
-0.864929 -0.484442 -0.1312
-0.160622 -0.702046 -0.69378
-0.213023 -0.792649 -0.571252
-0.296005 -0.70231 -0.647412
0.262866 0.951057 0.16246
0.399607 0.912982 0.0823236
0.951057 -0.16246 -0.262866
0.987688 -0.0822425 -0.133071
0.966393 -0.220117 -0.132792
0.513375 0.564254 -0.646578
0.45399 0.46843 -0.757935
0.587785 0.425325 -0.688191
-0.587785 0.425325 -0.688191
-0.516122 0.346153 -0.783452
-0.647412 0.296005 -0.70231
0.702046 0.69378 0.160622
0.70231 0.647412 0.296005
0.792649 0.571252 0.213023
-0.1312 -0.864929 -0.484442
0 -0.915043 -0.403355
0 -0.850651 -0.525731
0.0822425 0.133071 -0.987688
-0.0822425 0.133071 -0.987688
0 0 -1
-0.513375 0.564254 -0.646578
-0.646578 0.513375 -0.564254
-0.951057 -0.16246 -0.262866
-0.963861 0 -0.266405
-0.987688 -0.0822425 -0.133071
0.862668 -0.433889 -0.259892
0.916244 -0.301259 -0.264083
0.924305 -0.358229 -0.131655
0.133071 0.987688 0.0822425
0 0.990439 0.137952
0 1 0
-0.346153 0.783452 0.516122
-0.383614 0.843911 0.375039
-0.46843 0.757935 0.45399
0.5 -0.809017 0.309017
0.606825 -0.758652 0.237086
0.601501 -0.707107 0.371748
-0.69378 0.160622 0.702046
-0.702907 0 0.711282
-0.780204 0.0811419 0.62024
0.131655 -0.924305 0.358229
0.1312 -0.864929 0.484442
0.259892 -0.862668 0.433889
-0.0823236 0.399607 0.912982
0 0.266405 0.963861
-0.16246 0.262866 0.951057
0.309017 0.5 0.809017
0.237086 0.606825 0.758652
0.371748 0.601501 0.707107
-0.809017 0.309017 0.5
-0.758652 0.237086 0.606825
-0.840178 0.156434 0.519258
0.238677 -0.386187 0.891007
0.0823236 -0.399607 0.912982
0.16246 -0.262866 0.951057
-0.220117 -0.132792 0.966393
-0.358229 -0.131655 0.924305
-0.273267 0 0.961938
0.525731 -0.850651 0
0.62024 -0.780204 0.0811419
0.62024 -0.780204 -0.0811419
-0.587785 -0.425325 -0.688191
-0.707107 -0.371748 -0.601501
-0.647412 -0.296005 -0.70231
0.160622 0.702046 0.69378
0.213023 0.792649 0.571252
0.296005 0.70231 0.647412
-0.425325 -0.688191 -0.587785
-0.46843 -0.757935 -0.45399
-0.564254 -0.646578 -0.513375
0.961938 -0.273267 0
0.915043 -0.403355 0
-0.16246 0.262866 -0.951057
-0.238677 0.386187 -0.891007
-0.301259 0.264083 -0.916244
-0.133071 -0.987688 0.0822425
0 -0.990439 0.137952
0 -1 0
0 0.525731 -0.850651
-0.156434 0.519258 -0.840178
0.45399 0.46843 0.757935
0.375039 0.383614 0.843911
0.516122 0.346153 0.783452
-0.5 0.809017 0.309017
-0.519258 0.840178 0.156434
-0.606825 0.758652 0.237086
0.69378 0.160622 0.702046
-0.0811419 -0.62024 0.780204
0 -0.525731 0.850651
-0.924305 0.358229 0.131655
-0.961938 0.273267 0
0.843911 0.375039 0.383614
0.862668 0.433889 0.259892
0 0.711282 -0.702907
-0.259892 -0.862668 -0.433889
-0.346153 -0.783452 -0.516122
0.519258 -0.840178 0.156434
1 0 0
0.990439 -0.137952 0
-0.891007 0.238677 -0.386187
-0.840178 0.156434 -0.519258
-0.912982 0.0823236 -0.399607
0.399607 0.912982 -0.0823236
0.525731 0.850651 0
-0.757935 -0.45399 -0.46843
-0.783452 -0.516122 -0.346153
-0.843911 -0.375039 -0.383614
-0.433889 -0.259892 -0.862668
-0.484442 -0.1312 -0.864929
-0.358229 -0.131655 -0.924305
0.688191 0.587785 0.425325
0.783452 0.516122 0.346153
-0.966393 0.220117 -0.132792
-0.987688 0.0822425 -0.133071
-0.990439 0.137952 0
-0.425325 -0.688191 0.587785
-0.346153 -0.783452 0.516122
-0.46843 -0.757935 0.45399
0.587785 -0.425325 0.688191
0.707107 -0.371748 0.601501
0.647412 -0.296005 0.70231
-1 0 0
-0.916244 -0.301259 -0.264083
-0.966393 -0.220117 -0.132792
0.70231 -0.647412 0.296005
0.688191 -0.587785 0.425325
-0.780204 -0.0811419 0.62024
-0.850651 0 0.525731
0 0.961938 0.273267
-0.132792 0.966393 0.220117
0.425325 0.688191 0.587785
-0.702046 -0.69378 -0.160622
-0.606825 -0.758652 -0.237086
-0.70231 -0.647412 -0.296005
0.711282 -0.702907 0
0.702046 -0.69378 -0.160622
-0.809017 -0.309017 -0.5
-0.758652 -0.237086 -0.606825
0.160622 -0.702046 -0.69378
0.237086 -0.606825 -0.758652
0.296005 -0.70231 -0.647412
-0.5 -0.809017 -0.309017
-0.601501 -0.707107 -0.371748
0.864929 -0.484442 -0.1312
0.850651 -0.525731 0
0.783452 -0.516122 0.346153
0.346153 0.783452 0.516122
0.16246 -0.262866 -0.951057
0.0822425 -0.133071 -0.987688
0.220117 -0.132792 -0.966393
-0.309017 0.5 -0.809017
0 0.850651 0.525731
-0.0810863 0.783843 0.615642
0.0810863 0.783843 0.615642
-0.525731 0.850651 0
-0.62024 0.780204 0.0811419
0.809017 0.309017 0.5
0.301259 -0.264083 -0.916244
0.375039 -0.383614 -0.843911
0.433889 -0.259892 -0.862668
-0.375039 0.383614 -0.843911
-0.433889 0.259892 -0.862668
-0.571252 0.213023 -0.792649
-0.484442 0.1312 -0.864929
-0.615642 0.0810863 -0.783843
0.160622 0.702046 -0.69378
0.0811419 0.62024 -0.780204
-0.309017 -0.5 -0.809017
-0.371748 -0.601501 -0.707107
-0.45399 -0.46843 -0.757935
0.702046 -0.69378 0.160622
-0.525731 0 -0.850651
-0.403355 0 -0.915043
-0.864929 0.484442 -0.1312
-0.924305 0.358229 -0.131655
-0.383614 -0.843911 0.375039
-0.5 -0.809017 0.309017
-0.587785 0.425325 0.688191
-0.646578 0.513375 0.564254
-0.707107 0.371748 0.601501
-0.951057 0.16246 -0.262866
-0.951057 -0.16246 0.262866
-0.963861 0 0.266405
-0.987688 -0.0822425 0.133071
0.792649 -0.571252 -0.213023
0.783843 -0.615642 -0.0810863
-0.606825 0.758652 -0.237086
-0.62024 0.780204 -0.0811419
-0.702046 0.69378 -0.160622
0.301259 0.264083 -0.916244
0.238677 0.386187 -0.891007
0.16246 0.262866 -0.951057
-0.843911 0.375039 0.383614
-0.891007 0.238677 0.386187
-0.862668 -0.433889 -0.259892
-0.924305 -0.358229 -0.131655
-0.160622 -0.702046 0.69378
-0.237086 -0.606825 0.758652
-0.133071 0.987688 0.0822425
-0.688191 -0.587785 -0.425325
-0.237086 -0.606825 -0.758652
-0.69378 -0.160622 -0.702046
0.69378 -0.160622 -0.702046
0.702907 0 -0.711282
0.780204 -0.0811419 -0.62024
0.792649 -0.571252 0.213023
0.137952 0 -0.990439
-0.160622 0.702046 0.69378
0 0.711282 0.702907
-0.702046 0.69378 0.160622
0 0.850651 -0.525731
-0.0810863 0.783843 -0.615642
-0.1312 0.864929 -0.484442
-0.707107 0.371748 -0.601501
-0.758652 0.237086 -0.606825
0.0823236 0.399607 -0.912982
0.156434 0.519258 -0.840178
-0.809017 0.309017 -0.5
0.0811419 0.62024 0.780204
-0.513375 -0.564254 -0.646578
-0.951057 0.16246 0.262866
-0.987688 0.0822425 0.133071
-0.273267 0 -0.961938
-0.843911 0.375039 -0.383614
-0.916244 0.301259 -0.264083
-0.309017 0.5 0.809017
-0.375039 0.383614 0.843911
-0.238677 0.386187 0.891007
-0.688191 0.587785 0.425325
-0.757935 0.45399 0.46843
0.70231 -0.647412 -0.296005
0.862668 -0.433889 0.259892
0.864929 -0.484442 0.1312
0.924305 -0.358229 0.131655
-0.862668 0.433889 0.259892
-0.916244 0.301259 0.264083
0.702046 0.69378 -0.160622
0.783843 0.615642 -0.0810863
0.792649 0.571252 -0.213023
0.301259 -0.264083 0.916244
0.220117 -0.132792 0.966393
0.924305 0.358229 0.131655
0.966393 0.220117 0.132792
-0.961938 -0.273267 0
-0.156434 -0.519258 0.840178
0.780204 0.0811419 0.62024
-0.262866 0.951057 0.16246
0.924305 0.358229 -0.131655
0.864929 0.484442 -0.1312
0.915043 0.403355 0
0.131655 0.924305 -0.358229
0.132792 0.966393 -0.220117
0.264083 0.916244 -0.301259
0 -0.961938 0.273267
-0.131655 -0.924305 0.358229
-0.132792 -0.966393 0.220117
0.69378 0.160622 -0.702046
0.780204 0.0811419 -0.62024
0.273267 0 -0.961938
0.220117 0.132792 0.966393
0.0822425 0.133071 0.987688
0.137952 0 0.990439
-0.213023 0.792649 0.571252
-0.296005 0.70231 0.647412
-0.213023 0.792649 -0.571252
-0.513375 -0.564254 0.646578
-0.371748 -0.601501 0.707107
-0.45399 -0.46843 0.757935
-0.45399 0.46843 -0.757935
0.912982 0.0823236 0.399607
0.963861 0 0.266405
0.433889 0.259892 0.862668
0.301259 0.264083 0.916244
0.358229 0.131655 0.924305
0 0.266405 -0.963861
-0.850651 0 -0.525731
0 0.525731 0.850651
0.156434 0.519258 0.840178
-0.433889 0.259892 0.862668
-0.301259 0.264083 0.916244
0.688191 -0.587785 -0.425325
0.783452 -0.516122 -0.346153
0.862668 0.433889 -0.259892
0.386187 0.891007 -0.238677
0.702907 0 0.711282
0.780204 -0.0811419 0.62024
-0.309017 -0.5 0.809017
0.850651 0 0.525731
0.840178 0.156434 0.519258
-0.371748 0.601501 0.707107
-0.45399 0.46843 0.757935
0.433889 -0.259892 0.862668
0.358229 -0.131655 0.924305
-0.259892 0.862668 0.433889
-0.809017 -0.309017 0.5
-0.891007 -0.238677 0.386187
-0.843911 -0.375039 0.383614
0.132792 0.966393 0.220117
0.131655 0.924305 0.358229
0.264083 0.916244 0.301259
0.843911 -0.375039 -0.383614
0.891007 -0.238677 -0.386187
-0.259892 -0.862668 0.433889
-0.264083 -0.916244 0.301259
0.513375 -0.564254 0.646578
0.646578 -0.513375 0.564254
0.850651 0 -0.525731
-0.702046 -0.69378 0.160622
-0.70231 -0.647412 0.296005
-0.792649 -0.571252 0.213023
0.220117 0.132792 -0.966393
0.484442 0.1312 0.864929
0.403355 0 0.915043
0.259892 -0.862668 -0.433889
0.346153 -0.783452 -0.516122
0.383614 -0.843911 -0.375039
-0.757935 -0.45399 0.46843
-0.646578 -0.513375 0.564254
-0.707107 -0.371748 0.601501
0.912982 -0.0823236 0.399607
-0.220117 0.132792 -0.966393
-0.137952 0 -0.990439
0.571252 0.213023 -0.792649
0.516122 0.346153 -0.783452
0.647412 0.296005 -0.70231
-0.0823236 0.399607 -0.912982
-0.571252 -0.213023 -0.792649
0.309017 0.5 -0.809017
-0.383614 -0.843911 -0.375039
0.987688 0.0822425 0.133071
0.987688 -0.0822425 0.133071
0.16246 0.262866 0.951057
0.213023 -0.792649 -0.571252
-0.259892 0.862668 -0.433889
-0.266405 0.963861 0
-0.862668 0.433889 -0.259892
0.273267 0 0.961938
0.850651 0.525731 0
-0.237086 0.606825 0.758652
0.966393 -0.220117 0.132792
0.916244 -0.301259 0.264083
0.519258 0.840178 -0.156434
-0.425325 0.688191 0.587785
-0.513375 0.564254 0.646578
0.309017 -0.5 0.809017
0.371748 -0.601501 0.707107
0.45399 -0.46843 0.757935
-0.916244 -0.301259 0.264083
-0.375039 -0.383614 0.843911
-0.238677 -0.386187 0.891007
-0.301259 -0.264083 0.916244
0.571252 -0.213023 0.792649
0.516122 -0.346153 0.783452
-0.912982 -0.0823236 0.399607
-0.346153 0.783452 -0.516122
0.5 0.809017 0.309017
0.601501 0.707107 0.371748
0.606825 0.758652 0.237086
0.62024 0.780204 -0.0811419
0.62024 0.780204 0.0811419
0.711282 0.702907 0
-0.262866 -0.951057 0.16246
-0.688191 -0.587785 0.425325
-0.783452 -0.516122 0.346153
-0.0823236 -0.399607 -0.912982
-0.156434 -0.519258 -0.840178
-0.238677 -0.386187 -0.891007
-0.792649 0.571252 -0.213023
-0.783843 0.615642 -0.0810863
0.262866 -0.951057 -0.16246
0.132792 -0.966393 -0.220117
0.264083 -0.916244 -0.301259
-0.862668 -0.433889 0.259892
-0.924305 -0.358229 0.131655
0.433889 0.259892 -0.862668
0.358229 0.131655 -0.924305
0.238677 0.386187 0.891007
0.758652 0.237086 -0.606825
-0.646578 -0.513375 -0.564254
0.525731 0 -0.850651
0.484442 -0.1312 -0.864929
0.615642 -0.0810863 -0.783843
-0.601501 -0.707107 0.371748
-0.564254 -0.646578 0.513375
0.951057 -0.16246 0.262866
-0.358229 0.131655 -0.924305
0.296005 0.70231 -0.647412
0.213023 0.792649 -0.571252
0.346153 0.783452 -0.516122
0.809017 -0.309017 -0.5
0.840178 -0.156434 -0.519258
0.688191 0.587785 -0.425325
0.70231 0.647412 -0.296005
0.783452 0.516122 -0.346153
0.375039 0.383614 -0.843911
0.809017 -0.309017 0.5
0.758652 -0.237086 0.606825
-0.133071 0.987688 -0.0822425
0.916244 0.301259 -0.264083
-0.262866 -0.951057 -0.16246
-0.399607 -0.912982 -0.0823236
-0.386187 -0.891007 -0.238677
0.513375 0.564254 0.646578
0.5 0.809017 -0.309017
-0.1312 0.864929 0.484442
0.961938 0.273267 0
0.425325 -0.688191 0.587785
0.346153 -0.783452 0.516122
-0.912982 0.0823236 0.399607
-0.296005 0.70231 -0.647412
-0.850651 -0.525731 0
-0.915043 -0.403355 0
-0.156434 0.519258 0.840178
0 -0.961938 -0.273267
0.131655 -0.924305 -0.358229
-0.966393 -0.220117 0.132792
0.912982 -0.0823236 -0.399607
0.809017 0.309017 -0.5
0.840178 0.156434 -0.519258
-0.780204 -0.0811419 -0.62024
-0.840178 -0.156434 0.519258
0.571252 -0.213023 -0.792649
-0.615642 -0.0810863 -0.783843
-0.564254 0.646578 0.513375
-0.601501 0.707107 0.371748
0.757935 -0.45399 0.46843
0.1312 0.864929 0.484442
-0.783452 0.516122 -0.346153
-0.757935 0.45399 -0.46843
0.571252 0.213023 0.792649
-0.0810863 -0.783843 -0.615642
0.132792 -0.966393 0.220117
0.425325 -0.688191 -0.587785
0.69378 -0.160622 0.702046
-0.262866 0.951057 -0.16246
0.966393 0.220117 -0.132792
-0.783843 -0.615642 0.0810863
-0.864929 -0.484442 0.1312
-0.525731 -0.850651 0
-0.519258 -0.840178 -0.156434
0.238677 -0.386187 -0.891007
-0.266405 -0.963861 0
0.309017 -0.5 -0.809017
0.156434 -0.519258 -0.840178
0.951057 0.16246 -0.262866
-0.69378 0.160622 -0.702046
0 -0.850651 0.525731
-0.0810863 -0.783843 0.615642
-0.1312 -0.864929 0.484442
0.425325 0.688191 -0.587785
0.371748 0.601501 -0.707107
0.0823236 0.399607 0.912982
-0.425325 0.688191 -0.587785
0.783843 -0.615642 0.0810863
0.383614 0.843911 -0.375039
-0.840178 -0.156434 -0.519258
0 0.915043 0.403355
0.912982 0.0823236 -0.399607
0.891007 0.238677 -0.386187
-0.702907 0 -0.711282
-0.131655 -0.924305 -0.358229
-0.132792 -0.966393 -0.220117
-0.264083 -0.916244 -0.301259
-0.386187 0.891007 0.238677
0.133071 -0.987688 0.0822425
-0.375039 -0.383614 -0.843911
-0.606825 -0.758652 0.237086
-0.399607 -0.912982 0.0823236
0.646578 0.513375 -0.564254
0.564254 0.646578 -0.513375
0 -0.525731 -0.850651
0.0823236 -0.399607 -0.912982
0.525731 0 0.850651
0.615642 0.0810863 0.783843
-0.213023 -0.792649 0.571252
0 -0.915043 0.403355
0.840178 -0.156434 0.519258
0.237086 0.606825 -0.758652
0.5 -0.809017 -0.309017
0.601501 -0.707107 -0.371748
0.606825 -0.758652 -0.237086
0 0.915043 -0.403355
0.1312 0.864929 -0.484442
0.386187 -0.891007 0.238677
-0.131655 0.924305 0.358229
0.963861 0 -0.266405
0.987688 0.0822425 -0.133071
0.259892 0.862668 0.433889
-0.516122 -0.346153 -0.783452
-0.16246 -0.262866 0.951057
-0.0823236 -0.399607 0.912982
0 -0.266405 0.963861
0.707107 -0.371748 -0.601501
0.647412 -0.296005 -0.70231
0.758652 -0.237086 -0.606825
-0.711282 0.702907 0
-0.371748 0.601501 -0.707107
-0.990439 -0.137952 0
0.262866 -0.951057 0.16246
-0.399607 0.912982 0.0823236
-0.301259 -0.264083 -0.916244
0.0811419 -0.62024 -0.780204
-0.264083 0.916244 -0.301259
-0.386187 0.891007 -0.238677
0.646578 0.513375 0.564254
0.564254 0.646578 0.513375
0.564254 -0.646578 0.513375
0 0.990439 -0.137952
0.399607 -0.912982 0.0823236
0.386187 -0.891007 -0.238677
-0.386187 -0.891007 0.238677
0.264083 -0.916244 0.301259
-0.516122 0.346153 0.783452
0.383614 0.843911 0.375039
0.46843 0.757935 0.45399
0.519258 -0.840178 -0.156434
0.237086 -0.606825 0.758652
0.156434 -0.519258 0.840178
-0.62024 -0.780204 -0.0811419
-0.62024 -0.780204 0.0811419
-0.711282 -0.702907 0
0.371748 -0.601501 -0.707107
-0.891007 -0.238677 -0.386187
-0.264083 0.916244 0.301259
-0.16246 -0.262866 -0.951057
-0.966393 0.220117 0.132792
-0.0822425 -0.133071 0.987688
0.615642 0.0810863 -0.783843
0.0810863 0.783843 -0.615642
-0.383614 0.843911 -0.375039
0.386187 0.891007 0.238677
-0.220117 -0.132792 -0.966393
-0.571252 0.213023 0.792649
-0.564254 0.646578 -0.513375
-0.601501 0.707107 -0.371748
-0.688191 0.587785 -0.425325
-0.519258 0.840178 -0.156434
-0.399607 0.912982 -0.0823236
-0.0811419 -0.62024 -0.780204
-0.132792 0.966393 -0.220117
-0.131655 0.924305 -0.358229
0.46843 -0.757935 -0.45399
0.46843 0.757935 -0.45399
0.601501 0.707107 -0.371748
-0.647412 0.296005 0.70231
0.646578 -0.513375 -0.564254
0.564254 -0.646578 -0.513375
0.513375 -0.564254 -0.646578
0.0822425 -0.133071 0.987688
-0.783843 0.615642 0.0810863
-0.792649 0.571252 0.213023
0.484442 -0.1312 0.864929
0.707107 0.371748 -0.601501
-0.5 0.809017 -0.309017
0.0810863 -0.783843 0.615642
0.519258 0.840178 0.156434
0.259892 0.862668 -0.433889
-0.0811419 0.62024 0.780204
0.1312 -0.864929 -0.484442
0.0810863 -0.783843 -0.615642
0.757935 0.45399 -0.46843
-0.46843 0.757935 -0.45399
-0.587785 -0.425325 0.688191
-0.647412 -0.296005 0.70231
0.484442 0.1312 -0.864929
0 0 1
0.606825 0.758652 -0.237086
0.757935 -0.45399 -0.46843
0.615642 -0.0810863 0.783843
-0.133071 -0.987688 -0.0822425
-0.0822425 0.133071 0.987688
-0.70231 0.647412 -0.296005
-0.433889 -0.259892 0.862668
0.383614 -0.843911 0.375039
-0.220117 0.132792 0.966393
-0.358229 0.131655 0.924305
0 -0.711282 -0.702907
-0.69378 -0.160622 0.702046
-0.758652 -0.237086 0.606825
0 -0.266405 -0.963861
-0.484442 -0.1312 0.864929
0.757935 0.45399 0.46843
0.46843 -0.757935 0.45399
0.266405 -0.963861 0
-0.403355 0 0.915043
0.399607 -0.912982 -0.0823236
0.783843 0.615642 0.0810863
0.864929 0.484442 0.1312
-0.70231 0.647412 0.296005
-0.783452 0.516122 0.346153
-0.780204 0.0811419 -0.62024
-0.912982 -0.0823236 -0.399607
0 -0.990439 -0.137952
0.133071 -0.987688 -0.0822425
0.990439 0.137952 0
-0.525731 0 0.850651
0.843911 0.375039 -0.383614
-0.615642 -0.0810863 0.783843
-0.615642 0.0810863 0.783843
0.403355 0 -0.915043
-0.137952 0 0.990439
-0.0822425 -0.133071 -0.987688
-0.516122 -0.346153 0.783452
0 0.961938 -0.273267
-0.519258 -0.840178 0.156434
-0.571252 -0.213023 0.792649
0.358229 -0.131655 -0.924305
-0.296005 -0.70231 0.647412
0.375039 -0.383614 0.843911
-0.484442 0.1312 0.864929
0.843911 -0.375039 0.383614
0.891007 -0.238677 0.386187
3 0 1 2
3 3 4 5
3 6 4 3
3 8 7 9
3 10 11 12
3 14 13 15
3 16 10 17
3 19 18 20
3 22 21 23
3 24 25 26
3 27 28 29
3 13 30 31
3 32 33 34
3 36 35 37
3 38 39 40
3 41 42 43
3 45 44 46
3 48 47 49
3 51 50 38
3 53 52 54
3 55 56 57
3 59 58 60
3 61 62 63
3 64 65 66
3 68 67 69
3 71 70 72
3 74 73 75
3 77 76 78
3 80 79 81
3 83 82 84
3 86 85 87
3 89 88 90
3 91 92 93
3 95 94 96
3 97 98 99
3 57 100 101
3 103 102 104
3 106 105 107
3 1 108 109
3 110 111 112
3 113 114 115
3 4 116 5
3 117 17 118
3 119 20 120
3 121 23 122
3 0 123 1
3 28 124 125
3 64 126 65
3 33 127 128
3 129 130 131
3 132 31 133
3 134 135 136
3 137 138 139
3 42 140 141
3 142 143 144
3 146 145 147
3 148 149 150
3 143 54 151
3 56 32 34
3 52 152 153
3 66 154 155
3 156 69 157
3 158 59 159
3 96 78 160
3 162 161 163
3 164 90 165
3 92 166 167
3 168 169 170
3 98 171 172
3 173 101 174
3 155 154 175
3 176 96 160
3 177 178 179
3 2 109 180
3 181 182 183
3 114 184 185
3 3 5 186
3 188 187 189
3 190 104 191
3 192 193 194
3 126 88 89
3 123 195 196
3 29 125 97
3 197 198 199
3 34 128 100
3 65 200 154
3 172 162 163
3 138 201 202
3 43 141 122
3 203 204 20
3 205 147 206
3 207 208 209
3 210 143 142
3 211 212 213
3 165 214 215
3 217 216 218
3 220 219 221
3 79 222 223
3 57 34 100
3 152 224 225
3 226 117 227
3 40 39 192
3 59 60 228
3 172 163 229
3 27 29 230
3 93 167 231
3 99 172 229
3 34 33 128
3 232 233 234
3 154 200 235
3 178 49 236
3 182 237 238
3 115 185 239
3 240 241 242
3 243 40 244
3 65 89 200
3 1 196 108
3 245 246 220
3 247 130 129
3 94 248 77
3 198 97 249
3 212 250 251
3 139 202 252
3 253 129 254
3 255 256 257
3 208 258 259
3 143 151 144
3 165 260 214
3 214 55 173
3 261 262 263
3 222 264 265
3 266 267 268
3 84 269 270
3 271 23 272
3 153 225 273
3 117 118 274
3 116 275 5
3 159 228 276
3 277 278 279
3 29 97 198
3 280 281 282
3 283 284 285
3 173 57 101
3 233 286 287
3 179 236 288
3 289 290 291
3 183 238 94
3 237 292 293
3 241 0 294
3 295 296 297
3 298 190 39
3 21 299 300
3 301 302 303
3 48 304 47
3 130 305 131
3 248 306 307
3 199 249 91
3 108 246 245
3 213 251 151
3 256 308 309
3 209 259 79
3 260 310 311
3 262 174 101
3 223 265 250
3 312 278 277
3 15 132 313
3 275 314 315
3 227 274 316
3 275 317 318
3 255 319 320
3 269 321 322
3 323 62 61
3 324 325 326
3 230 198 197
3 327 328 329
3 330 331 56
3 284 332 333
3 148 334 335
3 234 287 336
3 337 338 339
3 221 219 340
3 341 303 342
3 99 98 172
3 292 323 61
3 343 344 345
3 346 347 348
3 299 317 349
3 350 48 351
3 352 353 354
3 103 109 355
3 129 131 210
3 77 307 76
3 137 356 138
3 246 357 220
3 125 358 98
3 229 163 135
3 359 300 360
3 302 361 289
3 257 309 75
3 343 362 344
3 242 294 363
3 276 228 364
3 214 311 55
3 365 254 204
3 263 101 100
3 270 322 366
3 278 367 279
3 368 293 319
3 369 370 263
3 132 133 371
3 5 318 186
3 319 372 373
3 374 375 376
3 325 211 377
3 62 113 63
3 378 379 380
3 381 382 150
3 211 383 212
3 363 294 384
3 385 386 387
3 388 389 390
3 285 333 391
3 338 392 393
3 394 395 396
3 218 397 398
3 399 400 401
3 402 377 403
3 398 397 203
3 219 404 405
3 111 406 302
3 286 407 287
3 92 408 134
3 293 61 372
3 410 409 411
3 412 147 413
3 300 349 414
3 193 415 202
3 416 417 418
3 254 210 142
3 419 420 331
3 148 335 149
3 421 422 423
3 245 220 221
3 230 29 198
3 163 161 24
3 303 289 366
3 357 36 424
3 362 168 170
3 149 425 426
3 228 60 427
3 428 312 277
3 393 346 326
3 429 430 431
3 160 78 432
3 313 371 433
3 182 434 292
3 61 63 372
3 277 279 435
3 320 373 207
3 375 436 334
3 39 191 192
3 326 377 402
3 76 307 406
3 12 11 437
3 383 157 438
3 294 0 439
3 26 440 441
3 386 140 42
3 21 300 359
3 306 442 73
3 339 393 402
3 78 76 110
3 397 365 203
3 400 443 444
3 377 211 445
3 420 336 446
3 340 405 288
3 407 447 448
3 231 167 449
3 199 198 249
3 325 450 383
3 451 411 232
3 201 452 194
3 453 63 454
3 335 155 455
3 190 103 104
3 423 422 268
3 204 142 120
3 181 183 456
3 422 266 268
3 457 458 253
3 4 112 459
3 460 44 28
3 135 24 224
3 283 106 461
3 36 37 353
3 344 170 462
3 150 426 463
3 364 427 464
3 465 277 435
3 466 339 467
3 430 468 469
3 188 470 187
3 429 471 430
3 472 473 470
3 301 341 459
3 474 428 465
3 376 334 148
3 40 192 475
3 476 477 478
3 463 426 315
3 416 479 480
3 116 314 275
3 307 306 481
3 212 438 250
3 175 154 235
3 384 439 482
3 225 441 273
3 387 42 41
3 300 414 360
3 442 255 257
3 200 164 483
3 282 313 484
3 432 110 6
3 398 203 18
3 401 444 343
3 403 445 273
3 331 446 32
3 287 448 336
3 167 166 485
3 181 486 434
3 487 448 488
3 452 231 489
3 209 208 259
3 490 491 492
3 1 123 196
3 149 455 425
3 183 94 95
3 423 268 312
3 337 339 466
3 451 410 411
3 0 2 439
3 113 493 114
3 106 107 494
3 225 26 441
3 424 353 404
3 197 199 495
3 197 495 396
3 431 469 171
3 43 42 141
3 496 412 338
3 471 391 497
3 498 35 499
3 473 500 501
3 341 502 503
3 477 226 504
3 505 284 283
3 426 425 506
3 507 480 357
3 406 481 361
3 314 463 315
3 508 509 510
3 122 23 271
3 157 81 438
3 359 360 127
3 430 471 497
3 73 257 75
3 164 165 215
3 511 280 512
3 64 513 126
3 414 369 360
3 449 485 305
3 486 158 514
3 33 515 516
3 194 489 475
3 255 320 256
3 320 319 373
3 96 77 78
3 340 219 405
3 339 402 467
3 285 284 333
3 456 95 517
3 356 518 93
3 519 520 521
3 522 523 524
3 525 185 217
3 2 180 526
3 54 153 527
3 180 190 298
3 461 494 528
3 493 276 529
3 495 137 530
3 119 19 20
3 176 95 96
3 300 299 349
3 430 497 468
3 412 413 392
3 470 501 177
3 459 503 116
3 199 91 518
3 478 504 332
3 315 506 317
3 275 315 317
3 168 531 169
3 509 310 260
3 464 532 533
3 23 21 272
3 534 535 432
3 483 215 174
3 334 436 536
3 537 14 281
3 513 528 538
3 15 313 282
3 399 401 539
3 57 56 34
3 369 100 128
3 333 205 540
3 434 514 323
3 72 70 541
3 320 207 542
3 50 526 298
3 364 228 427
3 543 176 544
3 88 545 90
3 466 467 440
3 17 546 547
3 548 549 550
3 520 118 83
3 114 529 184
3 190 191 39
3 8 188 7
3 170 169 551
3 552 136 152
3 439 526 482
3 553 514 159
3 396 530 554
3 251 555 144
3 180 109 103
3 74 481 73
3 519 521 556
3 409 557 411
3 240 558 241
3 531 500 473
3 510 260 165
3 532 363 559
3 271 272 435
3 347 413 295
3 76 111 110
3 30 560 31
3 500 395 394
3 419 331 330
3 402 403 467
3 335 536 155
3 126 538 88
3 164 89 90
3 401 343 345
3 360 128 127
3 234 233 287
3 106 285 105
3 392 346 393
3 554 530 561
3 256 542 308
3 308 542 562
3 564 563 565
3 316 379 378
3 545 508 510
3 566 567 533
3 565 458 457
3 227 117 274
3 184 566 217
3 456 183 95
3 415 104 350
3 568 230 395
3 532 569 570
3 298 39 38
3 345 344 571
3 499 572 573
3 458 51 243
3 557 286 233
3 207 209 574
3 223 222 265
3 109 108 355
3 575 576 577
3 521 84 578
3 239 579 580
3 60 14 537
3 558 195 123
3 313 433 484
3 158 328 327
3 321 381 581
3 37 582 354
3 533 559 583
3 476 71 584
3 111 301 112
3 560 385 585
3 395 197 396
3 541 70 461
3 403 273 441
3 323 514 553
3 282 484 586
3 539 345 508
3 31 560 585
3 102 48 350
3 361 74 290
3 505 478 284
3 346 324 326
3 530 137 139
3 465 428 277
3 542 207 574
3 114 493 529
3 379 519 380
3 90 510 165
3 566 583 216
3 263 262 101
3 461 106 494
3 477 584 16
3 248 238 587
3 169 531 473
3 2 1 109
3 588 589 362
3 582 498 590
3 564 591 563
3 592 593 348
3 404 352 594
3 445 213 527
3 411 233 232
3 103 355 102
3 208 373 453
3 556 578 595
3 579 18 19
3 14 15 281
3 573 596 422
3 171 162 172
3 558 512 417
3 310 597 311
3 363 384 559
3 328 517 329
3 381 463 598
3 403 377 445
3 582 447 407
3 71 72 11
3 110 112 6
3 107 105 599
3 31 585 133
3 191 193 192
3 184 529 567
3 315 426 506
3 401 400 444
3 10 546 17
3 467 441 440
3 514 158 159
3 313 132 371
3 161 25 24
3 48 49 351
3 240 512 558
3 74 75 600
3 561 139 252
3 393 326 402
3 562 574 67
3 218 601 397
3 378 380 602
3 360 369 128
3 603 541 513
3 336 448 487
3 604 309 605
3 589 460 606
3 241 558 123
3 184 567 566
3 36 480 35
3 593 607 608
3 10 12 546
3 468 549 548
3 467 403 441
3 133 389 388
3 9 7 523
3 609 501 394
3 580 19 264
3 586 484 418
3 384 482 591
3 597 419 330
3 602 86 610
3 581 598 502
3 84 270 578
3 354 407 286
3 587 368 442
3 156 68 69
3 75 309 604
3 141 611 121
3 584 11 10
3 105 391 471
3 5 275 318
3 193 201 194
3 529 276 364
3 429 431 492
3 553 159 276
3 546 374 547
3 149 335 455
3 25 440 26
3 14 58 13
3 350 351 252
3 512 586 417
3 392 413 347
3 290 600 595
3 325 383 211
3 517 543 329
3 601 565 457
3 357 480 36
3 71 505 70
3 337 466 550
3 448 447 488
3 214 260 311
3 567 464 533
3 437 603 612
3 348 608 324
3 12 436 375
3 549 337 550
3 326 325 377
3 145 296 295
3 7 189 451
3 567 529 364
3 389 41 390
3 449 167 485
3 528 494 613
3 484 433 572
3 21 359 272
3 45 490 44
3 311 330 55
3 22 318 299
3 86 87 614
3 83 547 82
3 77 248 307
3 270 366 291
3 9 523 522
3 88 615 545
3 309 308 605
3 616 43 617
3 258 618 619
3 599 471 429
3 421 423 590
3 192 194 475
3 169 472 551
3 567 364 464
3 431 171 358
3 17 547 118
3 376 375 334
3 475 489 620
3 503 598 314
3 226 16 117
3 621 485 552
3 413 145 295
3 107 622 623
3 543 385 560
3 24 26 224
3 397 457 365
3 140 534 611
3 466 440 25
3 69 80 81
3 487 488 474
3 344 362 170
3 566 533 583
3 546 12 375
3 546 375 374
3 548 550 161
3 296 316 297
3 408 249 99
3 523 451 232
3 388 390 266
3 244 620 130
3 494 107 623
3 418 572 479
3 359 127 624
3 332 205 333
3 622 599 491
3 618 239 580
3 610 614 625
3 556 521 578
3 183 182 238
3 578 291 595
3 523 232 524
3 76 406 111
3 615 399 539
3 489 231 449
3 37 498 582
3 387 386 42
3 438 81 223
3 423 312 626
3 331 32 56
3 170 551 462
3 492 358 124
3 472 470 188
3 316 274 379
3 211 213 445
3 143 53 54
3 347 295 592
3 622 443 400
3 102 355 304
3 329 560 30
3 447 626 488
3 550 25 161
3 608 156 450
3 332 146 205
3 310 575 597
3 113 115 454
3 523 7 451
3 357 424 220
3 534 6 3
3 584 71 11
3 75 604 600
3 215 173 174
3 295 297 592
3 29 28 125
3 139 138 202
3 194 452 489
3 613 623 399
3 41 616 390
3 272 624 435
3 205 206 540
3 550 466 25
3 619 580 264
3 379 274 520
3 200 483 235
3 247 129 253
3 620 449 305
3 522 524 419
3 406 361 302
3 545 539 508
3 46 589 588
3 498 421 590
3 213 212 251
3 590 626 447
3 330 56 55
3 335 334 536
3 482 526 50
3 470 177 187
3 321 581 322
3 274 118 520
3 6 112 4
3 397 601 457
3 213 151 527
3 623 400 399
3 355 108 245
3 195 507 196
3 11 72 437
3 626 312 428
3 627 628 68
3 575 9 522
3 611 3 186
3 562 542 574
3 115 239 618
3 424 404 219
3 410 629 409
3 73 442 257
3 604 87 630
3 239 185 525
3 135 163 24
3 316 378 297
3 631 561 351
3 60 537 427
3 502 598 503
3 616 367 267
3 469 548 162
3 333 540 391
3 217 566 216
3 69 81 157
3 483 174 262
3 250 265 555
3 129 210 254
3 327 329 30
3 111 302 301
3 589 168 362
3 582 590 447
3 212 383 438
3 526 180 298
3 379 520 519
3 581 502 342
3 112 301 459
3 445 527 273
3 384 294 439
3 507 357 246
3 304 245 221
3 12 437 436
3 181 434 182
3 321 382 381
3 488 428 474
3 597 522 419
3 102 304 48
3 293 292 61
3 454 618 258
3 272 359 624
3 186 318 22
3 290 74 600
3 385 544 386
3 600 630 595
3 185 184 217
3 378 602 632
3 396 495 530
3 537 633 569
3 598 463 314
3 390 267 266
3 634 496 549
3 579 525 398
3 158 327 59
3 602 380 86
3 464 569 532
3 235 262 261
3 265 264 119
3 253 254 365
3 207 373 208
3 588 362 343
3 615 538 613
3 459 341 503
3 372 63 453
3 322 342 366
3 4 459 116
3 126 513 538
3 404 594 405
3 558 417 195
3 50 298 38
3 196 246 108
3 462 551 577
3 434 323 292
3 382 148 150
3 41 43 616
3 593 632 635
3 32 446 515
3 206 412 496
3 633 280 511
3 619 618 580
3 91 408 92
3 633 511 570
3 508 571 509
3 617 271 279
3 406 307 481
3 544 160 535
3 414 370 369
3 318 317 299
3 311 597 330
3 525 217 218
3 580 579 19
3 297 632 592
3 427 569 464
3 85 556 630
3 503 314 116
3 216 564 601
3 90 545 510
3 474 465 516
3 189 187 636
3 361 290 289
3 569 633 570
3 115 114 185
3 555 119 120
3 373 372 453
3 468 548 469
3 385 387 585
3 515 446 487
3 63 113 454
3 175 235 261
3 594 409 629
3 195 417 416
3 551 472 8
3 305 485 621
3 404 353 352
3 229 135 134
3 182 292 237
3 381 150 463
3 43 122 617
3 446 336 487
3 412 392 338
3 280 586 512
3 408 229 134
3 571 462 576
3 370 261 263
3 121 22 23
3 22 299 21
3 511 240 242
3 386 535 140
3 142 144 120
3 215 214 173
3 310 576 575
3 259 619 222
3 237 293 368
3 267 367 278
3 610 86 614
3 483 164 215
3 465 435 624
3 187 177 179
3 290 595 291
3 532 570 363
3 516 465 624
3 208 453 258
3 548 161 162
3 387 41 389
3 237 368 587
3 51 563 50
3 453 454 258
3 189 410 451
3 177 501 609
3 405 629 288
3 417 586 418
3 577 8 9
3 124 358 125
3 485 166 552
3 353 37 354
3 135 224 136
3 322 581 342
3 616 617 367
3 515 487 474
3 496 338 337
3 511 512 240
3 509 576 310
3 92 134 166
3 369 263 100
3 93 92 167
3 179 178 236
3 268 267 278
3 576 462 577
3 570 242 363
3 510 509 260
3 301 303 341
3 454 115 618
3 293 372 319
3 268 278 312
3 65 126 89
3 516 624 127
3 636 179 288
3 289 291 366
3 27 230 568
3 209 79 80
3 592 632 593
3 537 281 633
3 488 626 428
3 637 227 296
3 469 162 171
3 479 572 499
3 585 389 133
3 368 255 442
3 304 355 245
3 607 156 608
3 38 40 243
3 501 500 394
3 416 418 479
3 358 171 98
3 621 552 52
3 352 354 286
3 134 136 166
3 344 462 571
3 578 270 291
3 356 231 452
3 590 423 626
3 138 356 452
3 410 636 629
3 575 577 9
3 495 518 137
3 329 543 560
3 303 366 342
3 368 319 255
3 476 478 505
3 195 416 507
3 444 45 588
3 574 209 80
3 230 197 395
3 632 602 635
3 205 146 147
3 577 551 8
3 37 35 498
3 122 271 617
3 572 433 573
3 587 442 306
3 156 157 450
3 178 609 631
3 40 475 244
3 609 394 554
3 125 98 97
3 565 51 458
3 70 283 461
3 345 571 508
3 82 638 269
3 138 452 201
3 323 553 62
3 72 541 603
3 495 199 518
3 443 45 444
3 559 591 583
3 206 147 412
3 210 131 53
3 232 234 524
3 59 327 58
3 341 342 502
3 478 332 284
3 539 401 345
3 639 562 628
3 432 78 110
3 568 395 500
3 593 635 607
3 169 473 472
3 478 477 504
3 597 575 522
3 35 479 499
3 271 435 279
3 499 573 421
3 608 450 324
3 470 473 501
3 243 244 247
3 541 461 528
3 51 38 243
3 94 238 248
3 32 515 33
3 287 407 448
3 553 276 493
3 541 528 513
3 390 616 267
3 391 540 497
3 147 145 413
3 476 584 477
3 131 305 621
3 234 336 420
3 486 456 328
3 332 504 146
3 52 153 54
3 623 622 400
3 241 123 0
3 256 320 542
3 611 534 3
3 443 491 490
3 45 46 588
3 509 571 576
3 498 499 421
3 617 279 367
3 633 281 280
3 583 591 564
3 497 540 634
3 636 187 179
3 46 44 460
3 458 243 247
3 238 237 587
3 517 176 543
3 168 606 531
3 524 234 420
3 515 474 516
3 365 204 203
3 62 493 113
3 603 513 64
3 371 388 596
3 540 206 634
3 374 376 638
3 584 10 16
3 53 621 52
3 524 420 419
3 425 640 641
3 117 16 17
3 504 226 637
3 153 273 527
3 405 594 629
3 224 26 225
3 386 544 535
3 491 429 492
3 444 588 343
3 137 518 356
3 155 175 455
3 81 79 223
3 635 610 627
3 281 15 282
3 591 482 563
3 531 606 568
3 88 538 615
3 44 124 28
3 248 587 306
3 606 27 568
3 176 160 544
3 602 610 635
3 33 516 127
3 204 120 20
3 133 388 371
3 46 460 589
3 91 249 408
3 226 227 637
3 585 387 389
3 497 634 468
3 376 148 382
3 477 16 226
3 308 562 639
3 431 430 469
3 72 603 437
3 303 302 289
3 411 557 233
3 418 484 572
3 166 136 552
3 270 269 322
3 339 338 393
3 640 261 370
3 54 527 151
3 47 340 236
3 140 611 141
3 258 619 259
3 204 254 142
3 490 492 124
3 146 637 145
3 518 91 93
3 175 261 640
3 438 223 250
3 308 639 605
3 348 593 608
3 436 612 536
3 280 282 586
3 159 59 228
3 561 530 139
3 538 528 613
3 460 28 27
3 239 525 579
3 531 568 500
3 543 544 385
3 610 625 627
3 150 149 426
3 203 20 18
3 388 266 596
3 460 27 606
3 249 97 99
3 227 316 296
3 521 83 84
3 562 67 628
3 638 382 321
3 599 105 471
3 603 64 612
3 641 370 414
3 507 416 480
3 136 224 152
3 235 483 262
3 146 504 637
3 220 424 219
3 611 186 121
3 619 264 222
3 620 489 449
3 392 347 346
3 374 638 82
3 356 93 231
3 455 640 425
3 639 625 614
3 297 378 632
3 612 64 66
3 613 494 623
3 62 553 493
3 615 613 399
3 324 450 325
3 583 564 216
3 221 340 47
3 525 218 398
3 581 381 598
3 635 627 607
3 589 606 168
3 458 247 253
3 371 596 433
3 408 99 229
3 637 296 145
3 639 628 625
3 140 535 534
3 552 152 52
3 455 175 640
3 554 561 631
3 433 596 573
3 153 152 225
3 141 121 122
3 259 222 79
3 570 511 242
3 347 592 348
3 475 620 244
3 638 321 269
3 132 13 31
3 317 506 349
3 605 639 614
3 536 612 66
3 394 396 554
3 605 614 87
3 439 2 526
3 536 66 155
3 545 615 539
3 206 496 634
3 434 486 514
3 177 609 178
3 450 157 383
3 564 565 601
3 340 288 236
3 579 398 18
3 638 376 382
3 189 636 410
3 457 253 365
3 250 555 251
3 191 415 193
3 191 104 415
3 181 456 486
3 625 628 627
3 352 286 557
3 107 599 622
3 492 431 358
3 535 160 432
3 354 582 407
3 66 65 154
3 349 506 641
3 561 252 351
3 596 266 422
3 519 556 85
3 437 612 436
3 86 380 85
3 533 532 559
3 346 348 324
3 620 305 130
3 82 269 84
3 506 425 641
3 600 604 630
3 559 384 591
3 641 640 370
3 496 337 549
3 472 188 8
3 609 554 631
3 60 58 14
3 216 601 218
3 331 420 446
3 47 236 49
3 636 288 629
3 443 490 45
3 555 120 144
3 565 563 51
3 415 252 202
3 104 102 350
3 456 517 328
3 628 67 68
3 594 557 409
3 599 429 491
3 594 352 557
3 534 432 6
3 476 505 71
3 361 481 74
3 631 351 49
3 573 422 421
3 556 595 630
3 427 537 569
3 118 547 83
3 244 130 247
3 555 265 119
3 349 641 414
3 521 520 83
3 257 256 309
3 283 285 106
3 242 241 294
3 178 631 49
3 634 549 468
3 188 189 7
3 58 30 13
3 264 19 119
3 186 22 121
3 15 13 132
3 480 479 35
3 196 507 246
3 574 80 67
3 490 124 44
3 304 221 47
3 251 144 151
3 563 482 50
3 210 53 143
3 193 202 201
3 415 350 252
3 486 328 158
3 627 68 607
3 622 491 443
3 424 36 353
3 607 68 156
3 505 283 70
3 481 306 73
3 94 77 96
3 67 80 69
3 85 630 87
3 547 374 82
3 380 519 85
3 200 89 164
3 517 95 176
3 53 131 621
3 55 57 173
3 604 605 87
3 285 391 105
3 180 103 190
3 327 30 58
