OFF 162 320 480
0 0 -1
0.273267 0 -0.961938
0.16246 0.262866 -0.951057
-0.702046 -0.69378 0.160622
-0.688191 -0.587785 0.425325
-0.5 -0.809017 0.309017
-0.809017 -0.309017 0.5
-0.850651 0 0.525731
-0.69378 -0.160622 0.702046
0.951057 0.16246 0.262866
0.850651 0 0.525731
0.809017 0.309017 0.5
-0.160622 0.702046 0.69378
-0.259892 0.862668 0.433889
0 0.850651 0.525731
0.702046 -0.69378 -0.160622
0.688191 -0.587785 -0.425325
0.5 -0.809017 -0.309017
-0.850651 -0.525731 0
-0.862668 -0.433889 -0.259892
-0.702046 -0.69378 -0.160622
-0.309017 0.5 0.809017
-0.16246 0.262866 0.951057
0 0.525731 0.850651
0.425325 -0.688191 -0.587785
0.259892 -0.862668 -0.433889
0.850651 0 -0.525731
0.951057 0.16246 -0.262866
0.951057 -0.16246 -0.262866
-0.160622 -0.702046 0.69378
0.160622 -0.702046 0.69378
0 -0.850651 0.525731
-0.5 0.809017 0.309017
-0.262866 0.951057 0.16246
-1 0 0
-0.961938 -0.273267 0
-0.951057 -0.16246 0.262866
-0.160622 0.702046 -0.69378
-0.425325 0.688191 -0.587785
-0.259892 0.862668 -0.433889
-0.587785 -0.425325 -0.688191
-0.69378 -0.160622 -0.702046
-0.433889 -0.259892 -0.862668
-0.850651 0 -0.525731
-0.951057 -0.16246 -0.262866
-0.951057 0.16246 -0.262866
0 0.961938 0.273267
-0.951057 0.16246 0.262866
-0.862668 0.433889 0.259892
-0.809017 0.309017 0.5
0.262866 0.951057 -0.16246
0.262866 0.951057 0.16246
0 1 0
-0.262866 0.951057 -0.16246
0 0.961938 -0.273267
-0.273267 0 -0.961938
-0.16246 -0.262866 -0.951057
0.850651 0.525731 0
0.961938 0.273267 0
0.862668 0.433889 0.259892
-0.259892 -0.862668 0.433889
0.259892 0.862668 0.433889
0.425325 0.688191 -0.587785
0.688191 0.587785 -0.425325
0.587785 0.425325 -0.688191
0.862668 -0.433889 -0.259892
0.809017 -0.309017 -0.5
-0.16246 -0.262866 0.951057
-0.273267 0 0.961938
-0.433889 -0.259892 0.862668
0.809017 0.309017 -0.5
0.69378 0.160622 -0.702046
-0.587785 0.425325 0.688191
-0.69378 0.160622 0.702046
-0.433889 0.259892 0.862668
-0.5 0.809017 -0.309017
-0.702046 0.69378 -0.160622
-0.525731 0.850651 0
0.5 -0.809017 0.309017
0.425325 -0.688191 0.587785
0.259892 -0.862668 0.433889
0.433889 -0.259892 -0.862668
0.69378 -0.160622 -0.702046
0.587785 -0.425325 -0.688191
-0.525731 0 0.850651
0.5 0.809017 0.309017
0.262866 -0.951057 -0.16246
0.525731 -0.850651 0
0.525731 0.850651 0
0.702046 0.69378 0.160622
0.525731 0 0.850651
0.69378 -0.160622 0.702046
0.433889 -0.259892 0.862668
-0.809017 0.309017 -0.5
-0.69378 0.160622 -0.702046
0 -0.961938 -0.273267
0.433889 0.259892 -0.862668
0.309017 0.5 -0.809017
-0.961938 0.273267 0
-0.309017 0.5 -0.809017
0.309017 -0.5 -0.809017
0.160622 -0.702046 -0.69378
0 -0.850651 -0.525731
-0.587785 0.425325 -0.688191
-0.688191 0.587785 -0.425325
-0.862668 0.433889 -0.259892
0 0 1
0.16246 0.262866 0.951057
-0.862668 -0.433889 0.259892
0.16246 -0.262866 -0.951057
-0.433889 0.259892 -0.862668
-0.259892 -0.862668 -0.433889
-0.425325 -0.688191 -0.587785
-0.160622 -0.702046 -0.69378
-0.425325 0.688191 0.587785
-0.5 -0.809017 -0.309017
-0.525731 -0.850651 0
-0.309017 -0.5 -0.809017
0.702046 0.69378 -0.160622
0.951057 -0.16246 0.262866
0 -0.525731 0.850651
0.688191 -0.587785 0.425325
0.587785 -0.425325 0.688191
0.273267 0 0.961938
-0.850651 0.525731 0
-0.702046 0.69378 0.160622
0.309017 -0.5 0.809017
0.309017 0.5 0.809017
0.160622 0.702046 0.69378
0.262866 -0.951057 0.16246
0.850651 -0.525731 0
0.862668 -0.433889 0.259892
0.702046 -0.69378 0.160622
-0.309017 -0.5 0.809017
-0.525731 0 -0.850651
0 -0.525731 -0.850651
-0.688191 0.587785 0.425325
0 0.525731 -0.850651
-0.16246 0.262866 -0.951057
0.425325 0.688191 0.587785
-0.688191 -0.587785 -0.425325
0.961938 -0.273267 0
-0.425325 -0.688191 0.587785
0.16246 -0.262866 0.951057
0.525731 0 -0.850651
-0.262866 -0.951057 0.16246
0.809017 -0.309017 0.5
0.160622 0.702046 -0.69378
0 0.850651 -0.525731
0.688191 0.587785 0.425325
0.587785 0.425325 0.688191
0.259892 0.862668 -0.433889
0.69378 0.160622 0.702046
0.433889 0.259892 0.862668
-0.262866 -0.951057 -0.16246
-0.587785 -0.425325 0.688191
1 0 0
0 -1 0
0 -0.961938 0.273267
0.5 0.809017 -0.309017
-0.809017 -0.309017 -0.5
0.862668 0.433889 -0.259892
3 1 0 2
3 4 3 5
3 7 6 8
3 10 9 11
3 13 12 14
3 16 15 17
3 18 19 20
3 21 22 23
3 24 17 25
3 26 27 28
3 30 29 31
3 33 32 13
3 34 35 36
3 37 38 39
3 40 41 42
3 43 44 45
3 46 33 13
3 48 47 49
3 18 20 3
3 51 50 52
3 54 53 52
3 55 0 56
3 58 57 59
3 29 60 31
3 61 51 46
3 62 63 64
3 28 65 66
3 67 68 69
3 70 26 71
3 72 73 74
3 73 7 8
3 75 76 77
3 78 79 80
3 81 82 83
3 39 75 53
3 84 68 74
3 85 51 61
3 19 35 44
3 21 23 12
3 86 17 87
3 89 88 85
3 91 90 92
3 68 84 69
3 43 93 94
3 95 25 86
3 96 2 97
3 34 98 45
3 73 8 84
3 99 38 37
3 100 83 24
3 101 25 102
3 38 103 104
3 93 105 104
3 22 106 107
3 35 18 108
3 109 1 81
3 110 94 103
3 46 13 14
3 111 112 113
3 13 114 12
3 54 39 53
3 49 73 72
3 20 115 116
3 9 59 11
3 42 56 117
3 89 118 88
3 4 108 3
3 10 119 9
3 30 120 29
3 26 66 82
3 79 121 122
3 48 98 47
3 90 123 92
3 76 124 125
3 79 126 30
3 51 52 46
3 68 106 22
3 23 127 128
3 129 87 78
3 130 131 132
3 122 92 126
3 67 69 133
3 41 94 134
3 117 135 113
3 18 35 19
3 98 124 105
3 32 136 114
3 38 75 39
3 83 66 16
3 137 2 138
3 127 139 128
3 105 124 76
3 23 107 127
3 36 108 6
3 113 135 101
3 64 71 96
3 20 19 140
3 125 48 136
3 73 84 74
3 3 116 5
3 130 141 131
3 115 112 111
3 29 142 60
3 23 22 107
3 51 88 50
3 92 123 143
3 71 82 144
3 70 27 26
3 123 106 143
3 77 125 32
3 61 46 14
3 74 22 21
3 5 145 60
3 80 30 31
3 131 146 121
3 147 37 148
3 49 47 7
3 135 100 101
3 35 34 44
3 138 55 110
3 149 59 89
3 45 105 93
3 136 49 72
3 37 39 148
3 24 16 17
3 139 85 61
3 84 8 69
3 42 55 56
3 127 150 139
3 151 62 147
3 124 48 125
3 72 74 21
3 0 55 138
3 112 117 113
3 24 83 16
3 90 152 153
3 145 116 154
3 107 123 153
3 133 155 142
3 12 128 14
3 69 8 155
3 92 143 126
3 27 156 28
3 141 156 119
3 145 157 158
3 159 151 50
3 132 121 78
3 7 36 6
3 113 101 102
3 159 63 62
3 19 44 160
3 147 137 37
3 126 143 120
3 128 139 61
3 15 130 132
3 157 129 158
3 97 137 147
3 114 72 21
3 8 6 155
3 128 61 14
3 78 121 79
3 117 56 135
3 28 141 65
3 7 47 36
3 150 11 149
3 118 161 63
3 146 10 91
3 48 49 136
3 55 134 110
3 0 1 109
3 159 62 151
3 11 59 149
3 111 113 102
3 114 136 72
3 152 11 150
3 139 150 149
3 12 23 128
3 155 6 4
3 26 28 66
3 97 2 137
3 70 71 64
3 60 158 31
3 151 148 54
3 115 140 112
3 5 116 145
3 131 119 146
3 63 70 64
3 160 41 40
3 96 1 2
3 143 106 67
3 153 152 150
3 87 132 78
3 137 99 37
3 99 103 38
3 52 53 33
3 129 78 80
3 19 160 140
3 69 155 133
3 121 146 122
3 71 26 82
3 56 0 109
3 115 111 154
3 144 82 81
3 57 161 118
3 129 86 87
3 112 140 40
3 139 149 85
3 10 11 152
3 9 58 59
3 125 136 32
3 138 110 99
3 1 144 81
3 62 97 147
3 59 57 89
3 106 123 107
3 74 68 22
3 153 150 127
3 135 56 109
3 142 4 5
3 57 58 161
3 160 44 43
3 2 0 138
3 71 144 96
3 47 34 36
3 154 111 95
3 50 54 52
3 87 15 132
3 140 160 40
3 116 115 154
3 134 94 110
3 122 91 92
3 62 64 97
3 6 108 4
3 41 134 42
3 120 67 133
3 146 119 10
3 32 114 13
3 66 65 16
3 103 93 104
3 53 75 77
3 158 80 31
3 20 140 115
3 126 120 30
3 161 58 27
3 135 109 100
3 111 102 95
3 82 66 83
3 79 122 126
3 161 70 63
3 91 10 152
3 91 152 90
3 124 98 48
3 142 155 4
3 102 25 95
3 151 147 148
3 109 81 100
3 133 142 29
3 149 89 85
3 156 141 28
3 123 90 153
3 33 53 77
3 58 156 27
3 94 93 103
3 85 88 51
3 44 34 45
3 16 65 15
3 64 96 97
3 45 98 105
3 60 145 158
3 57 118 89
3 158 129 80
3 145 154 157
3 80 79 30
3 112 40 117
3 49 7 73
3 144 1 96
3 17 15 87
3 40 42 117
3 108 18 3
3 119 156 9
3 114 21 12
3 65 130 15
3 38 104 75
3 33 77 32
3 100 24 101
3 120 133 29
3 52 33 46
3 104 76 75
3 154 95 157
3 81 83 100
3 104 105 76
3 118 63 159
3 120 143 67
3 131 141 119
3 77 76 125
3 88 159 50
3 25 17 86
3 156 58 9
3 134 55 42
3 98 34 47
3 142 5 60
3 50 151 54
3 141 130 65
3 137 138 99
3 107 153 127
3 110 103 99
3 161 27 70
3 36 35 108
3 43 45 93
3 148 39 54
3 101 24 25
3 41 43 94
3 157 86 129
3 95 86 157
3 118 159 88
3 3 20 116
3 146 91 122
3 106 68 67
3 160 43 41
3 132 131 121
