4162
3377
3609
1925
4075
3543
1218
3950
1708
1988
2600
4653
1354
4967
124
1588
2067
974
1110
4159
3725
3780
2509
2055
3365
289
4214
1293
1790
2328
5059
861
5053
4422
2414
2987
3158
4082
4194
3543
2968
4075
3295
1218
2757
3987
1988
2723
1163
2600
1354
1717
175
3580
4159
3725
2509
2400
2112
3365
5059
1293
1409
1790
861
5053
4266
2041
3209
754
4082
681
351
2968
2614
1347
1218
3333
1526
316
4964
2723
1163
2600
1354
1727
4092
688
221
4414
1542
1988
3725
2400
2112
3580
726
791
229
1717
3307
1409
1504
5053
3663
4266
2097
3163
922
3911
681
869
2968
351
2614
1347
2494
1303
1526
4577
316
1661
1260
1163
1348
4623
1781
4286
688
3580
2537
1594
860
121
2400
2112
726
791
229
4416
5104
1409
4666
1717
3307
1504
2138
3663
4266
1200
591
3506
3163
922
4112
681
869
606
2693
2614
1347
1526
1303
351
316
1661
1260
4652
1383
1971
4326
688
121
2537
2887
4945
4244
1882
726
229
4416
5104
1881
2850
4692
3307
1504
931
3663
4906
736
1200
591
3506
3163
4151
2420
869
671
2693
894
806
1303
1539
1202
2365
4833
1661
1260
1882
1659
404
3142
121
2537
2887
1309
4136
832
5104
1881
2895
4727
175
2152
4857
3468
931
1815
736
1200
591
5056
2350
3506
2420
3785
2720
2693
894
806
1539
1202
2415
1657
1882
4374
41
1700
443
4350
1978
2887
2237
4136
832
3366
1881
4647
2649
175
2152
4857
931
2939
1875
736
4875
5056
2350
3176
2420
3785
2745
3
4415
894
806
36
1539
1202
2458
1657
2164
4374
94
1746
477
4713
4732
4350
1978
3248
1383
4822
2237
969
1747
832
3366
2698
4647
175
2152
4857
3981
4875
5056
2350
5054
3223
4523
3785
1481
3
4450
4153
3120
36
4749
1657
1845
2164
4374
167
1747
4573
4713
4769
280
4773
3827
1383
2237
1978
4188
3637
3292
3366
2271
4703
4647
2089
4017
1182
5060
997
4845
4873
5054
3267
969
2673
4523
1535
3
4454
4349
3171
4562
36
4749
1000
1845
2164
94
3637
1747
4619
4713
1642
280
4773
4360
3827
4672
2769
2466
4188
1701
4271
2607
670
2271
1027
4773
766
3674
3334
1182
4060
693
1954
997
4845
4873
3290
5054
2217
2292
969
2673
4523
1588
4919
3115
4491
4378
1845
3835
4749
2653
1000
94
3637
2218
4794
3222
280
4544
3827
2769
4672
693
2466
4188
1701
4271
654
3585
2271
1027
4815
2607
766
710
2856
4950
555
1182
2322
3290
1992
997
4845
4873
2298
1091
2217
2332
4776
3250
2673
955
766
4919
4527
3926
3877
1581
2701
3378
3318
1000
4203
2469
4097
2969
3268
4544
2218
2769
4672
693
4271
736
2607
3585
1027
4842
2902
766
4079
4950
584
3290
3627
4627
1472
1091
2217
4410
4776
955
801
4919
4910
4473
3926
2235
1581
1886
3378
3318
2218
76
2469
2969
2043
4544
576
907
3717
3585
3868
4186
2946
3736
4950
2241
3700
4149
4627
4023
2314
1522
1091
3523
3127
4776
955
3539
2303
835
4910
4473
3926
4583
2289
1581
3378
1264
1234
2892
76
2469
2969
4105
696
2098
3318
907
615
3868
1769
2869
3399
1888
1822
2238
4974
2241
1189
686
3736
4627
4023
4149
2364
105
2060
3570
111
3174
2507
4563
3539
2303
51
3700
4910
3219
3134
216
4583
2339
4420
3086
914
1457
1306
1234
2892
794
4050
4105
696
1974
2485
907
3868
1824
2869
3438
744
1888
1822
2238
4974
2241
3340
686
3736
4172
4149
4023
2047
2412
3700
105
2104
3617
164
3174
2547
4563
2303
1189
51
3603
3715
3219
3134
4420
4583
3086
914
2723
1457
94
1234
2892
794
4099
4105
696
3446
911
1811
4576
4966
512
332
1189
177
2869
3831
744
1888
1822
233
4974
2840
3340
4172
602
2906
3338
836
2047
105
2331
566
212
3174
2244
4563
1253
51
3790
3715
3219
3134
4420
5008
1224
3086
914
1457
2485
2196
2485
794
4726
405
3417
3500
4576
5005
512
4383
332
1947
1847
2840
744
2687
2951
4197
3340
4172
3627
3275
602
3338
836
840
2047
1676
603
5021
4145
4419
1296
3109
5066
3838
3715
1641
197
513
3061
2299
5008
1224
1683
3
465
756
1831
2196
1768
1588
405
3417
3500
4576
5043
512
332
4654
1884
2840
4643
2687
2995
4197
1979
602
3876
3627
4941
4554
3338
836
840
1714
3007
639
5021
4145
4419
1333
3109
5066
4075
1337
4473
197
1831
1641
3061
1891
5008
1224
513
1683
1894
465
756
1831
2196
2437
1828
1583
5093
3217
405
3417
3500
2201
1309
1135
4654
1609
5059
2687
4197
4981
1734
3876
3031
1632
1370
4554
840
1762
3007
793
3255
5021
4145
4419
4082
3109
5066
3767
1337
4505
197
5098
759
3061
513
3210
1897
1683
1920
756
1831
2437
1876
5093
3258
659
4744
1309
1135
4654
3401
4597
5016
1788
3876
210
3031
1632
1370
86
4554
2490
2560
3007
793
3255
4540
4450
5051
3767
1337
783
4011
5098
3114
1561
4577
1206
179
786
1014
616
2437
5093
659
4559
4744
818
1135
2120
4597
4812
2693
2149
1840
3244
3031
1632
1370
2146
3520
2528
2604
793
3255
4578
4450
5051
3767
818
1014
4056
5098
3114
1561
4577
1206
179
2546
2959
616
659
4559
4744
818
3154
419
4532
4826
2162
4597
4812
4479
2108
2748
2149
3244
3520
2187
2208
2646
3521
4450
5051
1691
4262
853
1014
179
3789
3114
1561
3006
1206
2586
3482
616
3776
4559
3206
2843
818
683
2413
4812
4479
2108
630
2149
3244
4010
3520
2201
2165
3365
3569
1890
2417
1733
1998
3789
3052
1919
1551
3482
1413
1258
3776
3253
5
2843
4301
654
4136
2935
2858
4807
4479
2108
4339
4010
3465
2201
2203
126
3616
1359
1890
3656
1785
1998
3789
896
3930
1919
1551
1985
3482
1413
3980
4203
3776
2326
5
2843
4345
654
2935
2721
2905
3563
338
4370
4010
3465
2201
3121
2250
176
4501
265
1828
1890
3656
1359
1818
1998
935
1985
1919
310
1413
3980
4203
3090
2380
5
4524
4360
2935
2950
3611
338
731
1178
1985
3465
2497
3121
196
72
4542
4501
1359
299
4684
1818
257
1133
271
310
3980
3322
3022
4773
4360
2433
1402
4390
3141
3653
338
731
1416
2497
3121
239
4542
4501
4026
4715
4670
1818
512
257
4834
271
310
419
4832
472
3360
4360
643
1402
4433
4024
3141
1557
731
228
1416
2497
2567
2296
4542
4113
1771
1240
4699
3642
543
257
4834
271
882
1876
419
4676
4832
1083
472
643
911
1402
4068
3141
4605
1557
535
228
4265
1956
1416
3209
2567
3567
417
1771
3466
3642
3958
4735
3874
574
3540
2220
3922
1159
3930
1551
4160
882
1876
4834
4676
4832
1083
1131
472
1305
1452
911
3717
827
268
4605
1557
535
228
4306
1956
1345
3398
3209
2567
3567
3684
39
1007
1771
3642
3958
1375
217
2220
1159
3930
4160
882
1876
4676
1083
1131
118
1305
2903
2054
2427
3717
710
827
2859
268
415
535
4217
4347
1956
1345
3433
3209
3176
3567
3724
2990
1007
3045
3539
3958
2150
262
1641
2220
3644
1
216
608
4160
3035
453
1131
1138
118
1305
532
2054
2427
2948
3981
710
827
3808
268
415
2565
1379
4147
4217
2417
1345
779
3474
3176
2634
1007
3038
3045
2812
181
4484
262
2150
3809
3644
216
645
1897
3035
3625
717
1177
118
2454
2616
2054
2427
532
3981
2374
3080
710
177
3852
1390
3831
415
2565
1379
4147
4314
4217
2417
3513
2191
779
3176
2634
1580
3873
3045
2812
2150
4484
262
3809
3644
681
1897
2198
3035
3681
2749
5087
1216
2616
532
4051
3981
2374
3080
177
1023
1390
3831
2565
1379
4147
4314
1927
3513
779
2191
4662
2634
1580
3873
3539
380
2812
4484
4033
4234
4278
4611
3829
2245
3700
5087
1582
2253
2616
2799
2374
1023
1875
1390
4927
5117
4643
1963
4314
1927
3513
4191
3116
2191
4662
1494
2316
3873
3588
2555
380
5044
4033
238
150
4234
1580
4278
4611
3829
2300
5087
1582
2381
455
657
2837
774
1023
4382
641
4927
26
4643
3135
1963
564
1927
3538
4191
3116
1651
4662
1494
2542
4557
337
2555
380
5044
4033
261
202
4234
2847
4278
3210
4913
3829
1056
311
4477
4611
1582
2366
455
3300
4947
2880
875
774
3410
4632
2163
697
641
4927
58
3135
4382
1963
504
210
601
1651
3582
4191
3116
989
1494
4498
4557
2703
5044
4721
3988
1378
2077
1010
4831
1685
311
3210
4913
3912
1090
3069
4384
4477
875
455
1692
4986
774
3410
2173
4632
2163
697
641
224
3135
3540
4382
1417
536
2589
210
638
1651
3103
2690
989
3648
875
2754
4766
1764
4760
2763
2102
1378
3302
3213
2818
4861
1685
4913
3912
1132
4763
3131
4477
3069
5079
4384
1692
38
3988
4675
1244
3410
2173
4826
4632
697
2163
224
4628
3580
3733
3357
1417
565
2638
1485
4099
237
3103
690
485
989
113
1760
1764
4798
4363
4511
1378
2102
4254
2857
1685
2730
2635
3912
4763
3131
4384
3069
5079
1583
1692
1049
3988
4675
1819
1244
1485
4826
420
811
3357
224
2477
3621
3733
218
5010
4181
5096
4099
271
3103
724
485
4628
893
2853
162
1760
1764
2117
4363
4549
1319
2102
2912
1484
2932
4499
4763
3131
1583
1049
3602
4675
1819
1244
3190
334
420
811
1485
4628
2520
4204
910
3357
218
4181
5096
4099
302
751
485
893
672
3036
1760
1569
1319
4363
2245
1484
2988
4499
4240
182
413
3510
1049
3471
3602
1819
1230
3233
334
420
811
2721
4546
2555
4204
910
447
2489
4181
5096
5000
640
893
3036
1828
1613
1319
2354
3390
2245
1484
1595
4240
119
3687
4499
413
1784
3497
3555
3471
3602
1230
177
334
1432
2721
2489
2664
4204
910
2059
2304
2850
5000
5036
640
3036
329
1828
1651
2354
3430
2245
3083
3081
4945
1595
4240
119
21
283
1455
413
1784
3687
3497
3601
1520
1230
1432
2049
2664
2111
2667
2346
2489
2358
2850
5000
5036
640
3877
2354
2994
3476
3622
2657
3083
4185
3081
4470
4945
2432
1595
21
283
65
2108
4514
1784
1772
3497
1573
3687
1505
4697
1242
1774
2626
1432
2049
2664
2151
2667
2346
2261
2414
2850
5036
267
17
1205
998
3877
3622
2994
2657
2432
4296
3083
4185
3081
4470
4945
2411
1444
21
283
65
4225
1562
3684
1772
2454
1616
4697
3333
1242
3892
2626
4264
2049
296
4622
2667
2346
4334
17
668
267
5063
3905
2882
2513
1205
4285
106
3877
417
3622
2994
3916
2432
4296
4470
4185
3922
2411
3540
2745
1444
3656
2657
1038
4261
65
4697
2788
3923
3684
1772
2454
2749
1496
3333
1242
3937
2626
296
4659
4605
3918
4334
4139
705
267
5063
3905
3113
17
2513
1205
4285
106
3169
417
2324
3397
612
4296
3540
1496
3922
1159
2411
2745
1444
1367
3923
3684
1184
2749
3843
3333
2908
2168
1875
296
4687
647
2095
2551
3918
4334
4139
2731
3574
3467
5063
3905
4475
3163
2513
4709
106
272
2286
2324
3397
172
1496
3559
4752
2745
207
4247
2254
1367
453
3923
4055
2749
1184
3843
4874
2168
4578
1875
3986
3039
4118
3378
2095
2551
3918
1987
4139
172
3574
49
3743
4475
942
4738
272
2286
2324
181
3397
3488
711
3559
1738
3512
4791
207
4294
2308
1367
2957
453
3923
1382
4514
702
4933
4055
1953
1184
3843
2168
4578
941
3986
3087
4118
3415
2095
2551
3564
1987
5089
172
3574
87
3894
4475
975
4766
272
2286
3529
181
3558
3809
3559
1738
3343
643
1475
2550
940
2362
2904
207
2957
2367
2904
1382
4514
1990
4933
4055
3962
4284
2968
3080
3182
4578
941
3986
2223
4118
3626
133
2316
1987
5089
625
3894
3526
1058
4789
4800
4766
4932
3287
446
3716
3341
3529
2949
1738
3343
3840
1529
2550
2367
2957
2904
1382
4933
3962
4284
3015
3182
2718
2173
1979
3478
941
856
2262
3626
2889
2316
5089
625
3894
3355
3575
4285
1092
4800
4766
4932
3529
3716
1381
1051
4219
3343
3840
3841
2550
3867
1479
2904
2224
1462
3962
657
4284
5119
3182
2718
1979
3830
856
3563
2317
3626
2930
2834
2316
625
470
3355
2555
1646
1294
4800
3100
4932
2859
3716
1085
4259
482
3840
4527
1479
4982
2224
2197
1462
657
966
1698
2718
1979
3830
856
3563
2373
2977
4820
3884
3385
3743
1427
3355
620
1646
4557
4910
116
3100
482
2859
3341
2162
1134
4300
4759
1375
4527
1479
2419
4982
2224
2197
1462
1431
966
935
1698
3830
741
2087
3563
673
3733
4850
3884
306
3385
2690
3743
1427
1360
620
1646
4952
116
3100
482
4661
2162
3084
5099
4759
1413
4991
4527
4122
254
2460
4982
823
2197
1479
3909
966
935
1698
3310
2954
3906
2134
2855
4965
3385
2200
2690
1427
2327
1360
1218
620
4117
1678
892
116
1636
3746
1810
4661
2162
3135
9
751
4759
3572
4991
507
2367
4122
254
2500
5079
856
4597
1463
3051
935
3310
2998
3906
1322
2901
4965
5010
426
2247
1025
1312
2327
1360
2575
1962
4117
3968
4565
929
1680
2158
1810
4661
3186
44
751
4530
4404
3746
881
507
370
4122
1255
254
1710
891
4212
3051
2839
2364
533
4158
2031
3961
3310
3673
3906
2301
4965
1417
5010
426
1063
1710
1526
2327
2621
2861
4533
789
4565
970
1671
3426
2194
2008
1810
751
3746
4530
56
4445
2867
881
507
370
182
2646
4957
1740
4249
3051
2839
179
2364
533
2746
4158
2081
3961
3673
447
4591
3245
270
3850
1287
2645
426
4047
1191
375
1710
1579
417
2663
2907
4569
1962
826
4565
3801
1962
3426
4558
2058
2918
4400
682
56
1099
2867
881
4007
4530
370
48
656
182
1305
2646
3534
4957
2839
3471
2364
533
2746
4158
2122
3961
3673
447
4637
3148
1103
1287
2692
3850
4047
1191
375
4821
270
1710
3265
952
1846
939
1454
3801
3426
4400
2279
822
2232
2918
682
56
1313
1877
5023
4007
4221
85
656
119
1346
2646
3534
1486
1331
2822
2913
3201
3281
2746
4957
773
1680
270
1103
1287
4047
2073
375
1191
3850
4821
3309
952
1846
855
1454
3801
4400
1334
2166
2918
682
1924
1313
1877
4007
4221
132
656
1379
1872
3534
1486
1331
2822
2913
3281
2176
2641
773
2757
1200
767
1103
4040
2073
1680
4753
3441
3346
952
1846
4117
1454
890
3346
1372
4270
3597
1730
4221
1951
1313
1877
4156
1872
3588
5111
1486
1331
2913
1909
3281
342
2216
2641
773
865
1237
767
252
2804
4040
2547
2073
1680
4792
3483
3149
3032
1967
3346
1410
325
4311
3597
1730
4279
1824
2376
1270
1022
4156
1872
3588
5111
3957
3012
1803
1909
2800
342
2264
2569
777
2641
2839
865
3377
767
285
905
4040
2547
3884
4586
1157
1803
3149
831
3032
1967
3346
325
3329
3597
1730
4279
1824
2420
1270
1022
4156
3670
2947
3588
5111
4329
3012
1803
1909
2800
342
2799
2569
777
1892
3504
2524
865
2231
905
4686
1565
2547
4586
963
1521
1123
4456
1856
3149
864
3630
1967
3032
325
4444
2000
3466
1414
1824
4061
2461
1270
1022
3670
3900
3033
2947
423
3012
1434
2800
3034
2569
777
1918
3504
905
2478
399
3039
3815
1565
2755
963
1521
579
4365
1123
995
4456
1889
898
1220
4444
2000
3020
1461
4061
3466
327
1004
3352
3670
2627
3033
3900
702
460
1434
3939
3078
1944
3504
3294
437
3039
519
3815
1565
2755
963
1521
1220
4365
1123
995
4456
4489
1026
3825
3362
4444
2000
4961
1184
4061
3466
327
1004
3352
2627
3033
4896
703
702
2214
1434
3939
3900
3129
4468
3294
3039
550
3444
2755
1220
4365
866
4523
2516
3825
147
3287
2382
1222
5002
1259
1431
327
1004
3352
3890
2627
4896
703
3939
3638
1910
4468
3478
585
3294
362
2499
3444
2532
3824
866
4706
2552
3825
147
1304
4692
3287
1381
1417
1259
218
3867
4926
2879
3890
4384
2042
4896
703
2321
1910
1800
4468
3478
585
4004
362
2091
2499
3444
3853
2532
4412
3824
866
1297
395
5060
705
1304
4692
147
1381
2610
814
3867
4926
2879
3890
4421
2042
4645
3073
2321
1910
1800
2038
585
830
1062
362
2499
2091
4588
1255
2532
1096
3824
3758
3811
1335
1140
1114
5060
705
1304
1285
2859
3341
2668
814
4811
4790
2879
411
4926
2042
4645
4462
2701
3550
2321
1800
3189
1124
2038
2091
1062
1849
4588
1255
3073
831
2571
3758
3811
1564
1191
1114
5060
2957
2668
1327
547
1252
3341
705
814
854
4811
3705
4790
451
4394
3073
3396
3598
2701
441
1667
4770
3472
3909
1115
3232
2038
1533
1062
2680
1849
4588
1255
2854
4426
1684
831
2620
3758
3811
5059
1172
1114
2668
3002
3315
547
4846
854
4991
4811
3573
3705
4790
3865
145
4394
3435
487
2985
2701
475
1706
4770
3472
3909
4891
725
1115
3277
1533
4834
3225
1849
1889
548
2854
4426
5033
831
2659
4964
1952
1208
4549
908
3050
220
547
4846
1098
3944
854
3573
3705
3865
145
4394
2924
4885
927
4770
3472
752
4891
1115
4580
1533
4865
2351
3270
1889
548
2854
4426
515
5065
575
1989
4192
4549
908
695
4846
1901
1314
1139
2514
3977
159
3573
3865
145
1793
2924
868
4891
776
4580
3044
563
3245
1523
2813
4900
1889
548
4819
2920
515
575
3882
2830
202
908
4234
4549
4558
695
1901
1314
4903
2514
2867
2205
439
4868
4034
1793
1128
2924
903
2633
2711
4580
3044
563
3245
268
4900
817
2742
2940
4819
4201
2991
515
575
3882
202
2670
939
4381
1127
4558
695
61
2232
1901
1314
4943
2514
5043
2205
4956
439
4868
1793
1128
2346
944
2681
2799
2711
2688
3044
563
3633
301
4900
817
2940
4819
4201
3021
202
4821
3882
3370
2670
939
4381
73
1592
200
61
2232
4535
3729
4868
5043
2205
4994
439
108
1728
1128
3482
2822
4983
706
2799
2711
2688
1587
577
3633
2403
817
3349
2940
4201
4670
4899
4262
579
1515
2670
833
4381
2967
114
2442
243
1592
2699
4535
3729
5043
43
4185
108
3001
2474
1782
3527
4747
2741
4298
706
61
4807
253
2688
1587
770
577
3633
3618
2648
626
3243
3349
4670
4899
4262
579
995
478
833
4476
3018
163
2442
277
1592
2699
4535
3729
3782
4973
209
108
1073
4097
3001
2474
1833
4747
2415
4298
2741
4037
4807
706
253
1587
770
4125
577
879
3657
2648
667
3243
3349
798
4670
4262
1124
515
833
4509
3054
2442
2925
4125
2699
4279
3782
1702
3391
251
290
1073
4097
3001
2474
1816
839
4747
2415
4298
2349
2741
4037
4807
1803
253
770
2579
4885
3911
3693
2648
4944
702
401
4586
798
3243
1124
879
4548
3782
3630
2970
4125
1259
2104
1749
3391
1073
4097
921
792
1867
839
2947
2415
39
1139
3167
4037
4997
2405
3505
2084
2625
2520
3911
879
583
4944
4885
440
3719
798
1874
1124
1276
2778
4702
1513
3630
3017
1352
2104
3172
3391
670
962
4216
792
1900
839
2292
39
1139
70
2451
4997
3167
4252
3505
2084
2520
3719
3911
3120
583
4944
471
1247
336
2648
3815
474
1949
1905
1774
1276
2778
1568
1173
1570
99
538
1352
2104
4885
3172
670
3271
872
792
4266
4525
2292
39
1139
70
4997
3167
4252
3505
1162
2084
2520
3719
336
3120
583
4159
578
314
4814
1774
4005
4633
2414
2038
1404
1276
2778
1610
1173
989
4216
2434
3064
538
1352
3787
1240
3172
58
4907
670
4814
2901
4525
4216
2901
4308
2292
615
70
2691
4128
4210
3457
3158
1310
2901
3120
4373
343
4845
1774
4030
960
1404
3527
544
2094
2067
1173
87
2727
3235
2603
538
2473
3116
651
1240
3635
58
4907
4814
4525
3807
4490
3555
2613
615
4128
2691
4210
4883
3158
1011
1310
73
4175
3370
4373
3853
2256
4452
960
1404
3527
2061
2286
203
87
2320
4692
3235
2603
618
4784
2065
651
1240
2116
3635
2676
58
4907
115
4814
4745
4004
3807
2285
4936
3555
2251
2655
615
4128
2691
4210
4925
3158
1011
73
4175
2808
4373
3853
1984
988
4648
3370
960
3527
3139
2061
2336
247
4618
2696
3235
2603
778
4818
383
651
115
4025
3635
2723
1271
631
2285
4745
3807
4645
4991
3555
2251
2702
3201
2352
4392
1520
1992
4963
1011
73
4175
4795
1082
2916
1984
988
2386
469
245
2061
282
4618
2696
813
4745
115
1924
2792
2785
2772
1271
631
2285
2500
1142
33
2251
3201
2352
4392
1520
1992
2916
862
4830
1122
392
3468
1984
988
2981
469
245
4299
4618
2696
3920
2179
3548
1132
1924
2785
3511
1271
631
244
4010
2279
2500
1142
721
1874
3201
3320
2352
4392
3836
1992
1520
2726
2874
3269
3820
4880
3105
392
2916
3645
5037
2981
1857
469
4964
245
2443
486
4809
4299
3920
2208
2219
3548
1132
1924
2785
2131
3560
279
2279
4055
4171
1142
721
2500
1874
4243
3320
3030
3836
1559
2448
1310
3248
2917
3269
3862
4880
4428
3105
392
3560
2810
2981
5037
1857
4884
4964
2405
2483
486
87
4809
4299
3920
2208
2267
3548
1132
4211
737
159
3612
2131
309
4102
4171
721
4528
1874
4243
3320
1229
3073
3836
1593
2448
758
4428
3248
2962
3269
3888
4880
738
3105
4282
3560
2848
2305
5037
3903
1857
685
4884
4448
2405
4674
3139
486
3611
4809
3486
1070
4190
2208
4247
45
4211
737
159
2131
2774
4841
4171
4528
3169
2230
4243
2978
3125
1630
2448
758
1269
3248
2838
3888
4534
3517
4282
3560
62
483
2386
4884
4448
2405
2774
3139
4717
3611
539
3486
3062
1333
1129
3142
432
4247
1110
45
4211
4413
737
4412
557
4428
4876
4228
4528
3169
2230
1654
1682
3866
1097
685
2978
1310
4485
3517
2838
3888
4572
4036
4282
62
381
1321
483
2386
4448
2774
4717
539
3611
69
3062
470
432
1129
3142
1301
3486
1149
378
3430
4413
4412
557
2817
1322
2482
3169
2230
1654
1722
1097
2978
1179
4485
4022
3404
2838
3517
4036
1104
62
42
1321
483
1450
674
1344
381
2973
1515
4717
539
4847
69
3062
470
432
1129
4140
604
2018
4413
4412
2716
2279
3862
3665
3430
2482
4782
1654
1776
3264
1322
1097
1179
4485
4022
4757
3442
2280
4036
2560
1051
42
381
2912
1450
674
1344
3356
2973
1515
4882
69
3430
470
641
4140
1935
3510
1677
2018
4179
2009
2199
3665
3862
2482
4782
2942
3264
1322
4948
1374
4022
4757
2556
3661
2014
2280
738
1101
3628
2560
5056
42
2912
1450
674
1344
3356
2973
1051
1166
4923
258
3683
3879
4140
1975
3510
1677
2018
4209
2009
2199
290
3665
3862
3886
4782
4006
373
3264
3772
4948
1374
357
2556
2062
2280
738
1101
3665
2560
3728
4561
2912
1051
3356
1204
3408
258
3683
3879
4247
1017
2016
3510
1677
2009
282
2199
290
3886
3772
4057
373
4948
1374
815
1481
391
2106
2170
1869
1101
3875
3770
4561
972
78
2897
3666
3624
24
258
3683
4769
3879
4434
377
2725
282
4004
3886
3772
1118
373
1821
2492
4008
815
1589
1481
428
2430
4586
1165
3813
4561
3156
1949
972
120
2897
4899
3666
3663
66
2989
5009
4769
3428
598
4434
3888
2725
282
4004
902
1071
1356
1118
1877
4704
2492
4008
353
815
1481
1179
4252
336
4975
4632
1433
4865
2897
4023
1949
972
171
1165
2469
4398
3907
542
843
5009
3666
4769
4605
598
1795
4434
3787
3932
3428
1900
2725
1288
902
1103
1356
1118
11
323
4704
2492
4008
353
3714
4277
5031
1165
1433
4865
4067
2160
4081
1288
135
3907
861
2124
877
5009
3428
953
598
201
3787
495
1688
1900
2260
3605
902
4164
1356
5038
46
2143
4704
2893
2937
3757
166
4277
5031
934
1433
2353
3711
4865
2160
4116
1288
183
3262
3907
895
2164
911
2216
991
3017
4227
3891
3533
1544
1688
1900
2260
1947
3605
765
748
5072
83
2159
2385
821
2893
2937
4742
627
166
4277
5031
2243
664
934
2353
3711
3088
2160
1044
226
3262
934
2202
981
539
2216
3484
1561
3017
4227
3891
3533
916
2260
1947
3605
765
748
854
3016
2437
2196
2937
4780
4431
2177
2243
467
1029
159
3711
2353
3088
3178
1044
3262
815
1654
981
572
2216
3484
3017
4877
3891
958
4633
3029
1947
748
765
645
1048
4607
3016
3667
2243
4558
722
4431
758
685
2243
467
622
1029
3324
210
1154
4701
3088
3178
1044
1594
4633
1697
981
609
1514
3484
4877
45
3457
3029
443
344
645
1081
2803
3016
720
3705
4993
4931
722
4431
5090
4176
1036
467
1029
1805
4977
4701
3178
4291
4246
1594
2977
3171
2615
2733
2515
4877
418
3457
3029
443
3150
344
645
1277
2840
720
425
3747
675
4682
4931
722
4
4993
4176
1036
1277
1805
2795
4977
4701
3644
4291
4246
1594
2977
3171
4305
3613
2733
2604
2515
453
3457
2467
3150
344
3595
2350
2884
720
425
4655
2688
872
4931
2455
4176
1036
4604
1277
1805
2795
4267
1743
4682
4977
1459
3844
4291
4246
1914
2977
3171
4305
3814
2733
2604
4366
2467
4510
4646
3595
4993
4682
425
4825
2739
872
4267
2455
4610
4405
3748
1786
1277
1388
2795
3078
1743
4738
1459
3764
1808
3885
1914
37
2670
1421
4305
3856
4411
2604
1333
1616
464
4366
2467
4553
1534
2817
3913
3474
4162
4858
4267
3866
226
872
2455
2556
4405
3134
4440
1786
1433
4738
1154
1743
3078
1459
3764
1808
2716
5084
1914
37
1616
3745
464
4411
1333
3142
2502
2816
4366
557
1215
1534
2817
612
3866
226
4908
3765
4405
1786
3185
4475
1664
4738
1154
1144
3078
1321
3764
1808
2765
5084
1616
4904
37
3787
464
4411
493
2538
2816
3223
2716
3946
1534
2817
612
144
4908
226
552
2869
3765
3208
4445
2479
1183
3545
2636
851
596
5084
4200
4904
4614
1375
493
862
4577
2816
3223
2716
3946
1954
2637
435
612
4346
4104
4908
3788
552
2997
2017
2914
4757
3765
4445
3208
593
3537
2479
851
2662
3545
2636
1958
596
47
4200
4904
1938
4614
493
862
874
2495
3223
3946
1954
2637
435
4337
4346
4104
2066
552
1606
4693
2958
4610
3208
4445
593
3585
851
2662
3545
2636
1958
1514
596
4785
47
4200
1938
4263
3448
1373
3992
862
4302
3857
874
3963
2495
971
2207
1954
2637
1739
3474
4847
4337
4346
4104
3717
1644
4610
582
3455
593
3631
4213
459
2662
2462
1514
2235
1958
306
4821
47
3710
954
1938
619
4263
1411
4639
4037
4344
195
3775
377
874
3998
2495
971
2564
1281
4916
3857
2207
1688
1779
450
4337
3474
243
3759
1589
2549
582
3455
157
320
4213
459
188
2462
2235
1473
4851
306
3710
954
2032
5102
2989
1492
619
4639
4093
847
195
3775
881
377
703
2457
971
2564
1325
4958
3857
2008
4540
1779
2421
450
1834
2207
243
424
1589
1613
2549
582
3455
157
320
5048
4213
459
188
2462
2235
1473
2317
306
3710
3132
954
4231
5102
2989
619
4639
3948
882
195
3771
3775
931
2457
2564
1360
4996
2998
2032
4540
1779
2421
450
1041
928
243
353
424
1613
2549
999
610
157
320
4933
4303
2362
188
2317
2008
1473
1406
2081
3132
2032
4231
5102
2972
2008
3948
3771
2650
679
2457
1002
2998
4377
4540
1779
2421
15
1077
1705
1724
424
1613
2002
999
610
379
248
4971
3450
2362
4019
2317
3092
1406
3313
2081
3974
3948
3771
2650
679
2998
3653
4413
1112
15
613
2893
1724
2372
150
166
2002
584
999
610
248
934
4447
31
2362
4019
485
1426
1077
3491
3092
1406
3014
3313
237
2319
827
3974
1604
3195
4227
2650
679
2116
3653
4453
15
773
1939
3205
2254
1724
2372
150
1904
2177
584
3494
1970
248
5091
4447
511
4019
4538
517
1077
1426
3092
2750
3059
4157
877
237
2319
857
850
3974
3788
3571
798
3916
291
2116
4786
3653
3205
1977
2288
2254
4787
2372
2280
1904
2177
584
3542
150
3748
2013
5101
1862
1100
4327
88
4447
1690
4538
548
1077
4809
511
2790
3109
4157
877
237
2319
2097
886
4505
2937
3833
3955
834
3790
1137
3916
4786
1426
4079
928
4051
3205
2021
3288
2288
2254
4787
2797
2333
1904
4979
3339
3213
4355
3748
4146
5101
1884
1100
4327
1895
511
134
4538
4051
4614
4838
3004
4157
877
2541
2097
2503
1690
4505
1829
4028
2387
2870
3790
3991
1174
2601
2712
4786
4079
5040
443
3916
928
3741
2640
3982
1705
3332
688
531
4787
2797
1858
2390
3084
4816
3213
3339
4355
4051
2288
5101
1884
373
2171
4263
2541
4884
1690
2097
2539
4505
1829
492
2387
2870
3790
4035
933
2601
2712
3470
4079
3174
2640
4003
3150
4874
3741
3485
2406
3982
1705
3371
723
1858
3084
2797
4816
3213
4355
2728
1884
410
4277
3803
1972
425
2541
490
1829
2773
1291
526
2387
958
1807
2870
898
933
2601
2640
291
3193
3485
4003
4920
4874
3352
275
3595
3925
3982
2919
2452
1858
3084
5061
1420
4816
2261
307
4690
2728
2546
588
3535
1972
462
2096
110
2479
490
148
1291
608
545
3382
958
1807
898
933
291
3193
4238
4920
4874
4003
307
346
4162
3832
3925
4582
2270
1057
5061
1420
690
3568
2261
4056
307
4690
2728
2066
3535
1972
500
2096
3955
110
506
2414
490
2094
5100
199
1291
608
1072
590
958
1807
898
2178
1999
291
3193
3525
4920
346
4162
3369
3925
4582
1599
2325
1057
5061
1420
797
3568
2261
4056
2183
307
4690
4863
123
247
2066
3535
678
110
2096
3955
1999
3226
2094
2071
2515
608
1265
633
2178
4740
3525
4108
1548
4913
346
4582
3403
1599
531
1057
1241
833
2549
4020
4056
2233
2081
4907
247
1966
496
2066
713
1999
1294
3955
3226
3313
2094
4181
3568
4393
1307
669
1944
3604
4740
3792
3525
4108
1548
787
104
3741
1639
3953
823
2276
2994
1599
531
2997
3788
1241
1914
2911
4020
3792
4477
4949
247
1966
496
1294
1515
3226
4356
2135
4393
4228
4897
4969
707
1944
3604
4740
1638
146
4108
1548
787
4233
435
1681
3953
823
2276
3040
3792
1981
2997
3788
1241
3688
4020
3600
1867
496
1966
662
3441
1125
1294
1571
2766
1399
4231
3804
2135
4385
4393
4228
4897
4969
3489
3604
2568
1944
3545
197
4272
787
2025
1438
4842
3953
4847
2276
3089
823
2387
1687
2819
784
3730
3688
3826
3600
4387
1148
956
698
1473
2820
3441
1160
1614
1366
2766
1606
455
1399
358
3804
2135
3007
3535
4228
4897
4969
2357
3594
4851
2568
3957
1489
4313
4842
233
4847
2438
3411
2819
784
3730
3688
3868
2002
3600
4387
2185
3949
733
3863
1527
41
2820
3441
1202
956
1366
609
1148
1606
4741
1399
3561
358
3804
3462
3053
3957
709
4268
2786
4892
3641
4851
2568
1311
2357
2819
233
3411
1499
3715
3761
652
784
3730
3907
918
3216
1148
4387
2228
3949
3855
3901
1745
2552
41
2820
2746
3398
3263
956
1366
5106
609
1606
3763
4779
3561
358
3103
738
1905
3957
4645
1283
156
2786
4932
2357
4851
1311
561
320
3224
2533
3434
3761
3761
652
3411
918
1720
2276
3896
3144
2552
41
3398
2787
3263
1702
5106
609
900
3763
3132
3791
2586
3604
1905
4144
1283
4922
2786
4968
2024
1311
561
1228
358
1619
156
4995
5027
3224
809
4566
1629
491
3761
652
1976
3364
379
918
1720
4103
2552
3398
3270
1902
3263
1702
1707
3763
3791
2586
3647
801
1905
4184
1283
5112
2024
156
561
4283
1228
1619
4995
2013
1896
530
2747
707
315
4310
4612
3224
1976
35
3364
379
1629
1720
2014
1084
4317
2645
3270
1269
1902
1702
1707
2766
1065
3791
2586
3680
801
1492
21
2024
1619
4283
1228
4995
2013
1921
530
2782
707
344
4310
3384
1976
69
3364
2645
2014
1117
3270
1269
1902
1707
1065
5005
2570
2147
4942
801
2310
1492
3914
4068
2116
4637
3227
5033
3485
2013
530
2821
707
2257
4310
3384
108
2661
2268
2014
3261
2645
837
3678
1269
1065
5005
4723
2570
2147
4976
2713
2548
2628
3914
4068
3227
5033
2649
4529
1323
1406
3990
3384
2661
2655
3345
5002
2619
1100
4327
1284
837
3678
5106
2282
5005
4764
2570
2147
1708
2591
2344
2628
715
3914
4068
3818
3227
2649
4529
80
1323
4646
3559
1653
2621
4762
2661
3339
3494
2655
3345
5002
2619
1181
837
1284
3967
2340
4800
3481
3110
2628
2344
888
2178
715
4824
3818
2712
2649
4529
80
1323
4646
3607
1653
2621
2620
3494
1164
3345
5002
1258
2619
4322
3107
3671
4829
3744
412
3596
3967
566
1181
2401
1284
4506
4763
3481
3164
1350
1
2344
925
824
715
4856
3818
4283
4034
1572
2335
80
1653
2621
2620
1936
2533
1741
1534
3494
1164
1395
129
3949
2546
498
3671
1181
3744
1495
3596
3757
566
406
3967
3107
4120
412
1445
1685
4930
1385
1
968
3481
824
2419
4896
2189
4034
1572
4238
2335
2832
1335
943
2620
5058
2354
2533
1587
2313
1797
1164
690
129
3971
3281
2546
528
3671
406
3744
1495
3596
3757
566
3317
412
3107
4120
1503
5100
2302
2963
1724
1
2487
2419
824
1550
283
1572
4238
2335
2832
1335
943
1704
4902
2433
5058
2533
690
2368
1797
343
129
4001
3326
559
406
1495
3757
3317
4120
4153
3137
5100
1778
4134
4680
2419
1550
1527
2724
2408
923
2832
4842
1335
943
1704
1628
2813
3262
2433
5058
788
4793
1797
343
1295
4047
91
727
3856
3317
4421
4153
3137
4134
4680
1431
1550
1527
2771
460
4461
733
923
2752
3387
3045
2027
2813
2093
36
1498
1770
2433
1668
788
4793
1231
1637
343
1295
1319
99
727
3856
4474
4006
3658
4421
4153
4134
4680
1431
2531
1527
2230
460
4493
1638
923
2919
899
2752
3387
3093
2027
2813
2273
70
1498
1770
2093
788
1741
1231
1637
4793
2622
1354
1867
1295
99
727
3817
3856
4474
4006
4417
3695
4421
3972
741
4593
2737
2189
2531
460
2277
1638
240
4034
1262
899
2752
3143
2027
2273
2287
1498
1770
2349
2093
2857
1741
1231
2234
4289
2622
1391
1867
263
1711
169
1756
99
677
853
2444
4474
4458
4183
3738
734
3972
741
1637
2115
1667
2737
2189
2531
2356
717
4371
4667
1262
899
2349
1629
2539
2287
2234
4898
2857
1505
2423
4289
2622
1667
297
1711
169
1756
712
2844
853
2444
558
1192
1271
4183
1511
762
3972
741
3674
2156
5046
4268
2737
2356
717
4545
4695
1262
3496
2855
2539
2287
2234
2504
4898
4901
2857
1505
2423
4289
4045
1667
468
1711
169
1756
2844
853
2444
558
1192
4183
1511
793
3561
4253
2753
2862
5046
4268
2356
717
2051
4545
4729
4637
3359
3544
844
2855
3434
1172
2504
4898
4901
1945
1505
2423
4045
3779
514
4617
2844
2824
1192
1511
1769
3277
168
4253
2862
4129
5046
3845
3086
4637
2051
4545
2678
4938
3359
3592
2919
878
2855
3434
1172
3024
1956
2504
4901
2812
1945
2330
2538
4045
3779
2753
2664
4617
2214
3812
3678
892
1769
3277
708
168
4253
1837
4168
3845
4872
3655
2051
2678
4938
3010
3359
2919
3155
1958
3070
1172
1993
3068
3033
1945
2274
2330
2538
3779
4317
2753
2706
2214
3853
141
892
1769
708
1510
168
1217
796
951
1837
4211
3845
4965
3508
3655
2678
4938
3247
3659
4779
1998
915
4651
3995
2045
3068
2477
3077
1233
2274
2330
480
2538
822
1501
2753
346
1972
2214
4317
4052
141
892
1611
708
1959
1510
1217
837
3244
5004
3508
3655
2750
896
4739
3291
3659
4779
2044
961
2673
2674
4651
3995
1578
3068
2477
1233
3908
2274
518
2321
822
2270
1501
3872
3159
380
2015
1916
141
3419
558
4223
1019
1510
1959
481
1217
3287
2713
869
897
240
3508
3880
3374
27
5033
2750
896
4739
3659
3064
4779
2477
3251
2719
2674
4651
3995
1578
3908
3713
1233
547
1866
2377
822
2270
1501
3904
3159
2312
3419
2128
897
4276
4263
1019
1959
481
2113
2713
363
240
3880
27
374
590
2750
896
4739
3924
3064
3509
3839
2738
2674
3934
1578
4762
3713
239
4680
1866
4700
2655
66
5071
3629
2270
3943
3159
2345
897
3419
2161
1726
4276
1019
3908
481
2154
917
3652
396
240
2568
3880
27
374
590
3509
3924
3064
624
4646
2780
3839
3934
3953
4762
3713
239
1765
1866
4736
1543
811
5071
3629
2703
4864
2345
1557
3526
1149
1726
4276
3652
917
2519
434
2616
2268
2431
374
590
3183
3509
3924
3839
4770
3934
3988
1537
239
1765
1608
1543
2107
5071
3629
2703
3082
4908
2345
2233
1592
1149
3526
1726
3712
2617
1923
356
846
3652
917
4363
2519
4001
1363
2665
2268
2431
3183
1078
4083
1765
1537
1627
1001
1037
2107
638
3315
2703
3861
4950
2233
3291
1649
1149
1179
3712
3526
356
1476
2110
3459
4394
277
2487
339
4980
926
2896
2268
2519
4001
1399
2431
4795
3183
1113
1655
1693
1466
1537
2306
1001
2107
638
769
3968
3899
3104
3315
2233
3291
2110
1735
1220
3712
356
3470
1476
2370
3459
3662
277
2487
374
4001
4980
2896
1444
223
285
1116
4795
2594
3257
1432
1655
157
1704
1693
1466
2306
1001
3315
769
3968
54
1735
1747
3291
2110
1257
724
3470
3137
2370
3214
5050
3459
3662
277
413
186
4980
4996
223
2896
285
1154
4526
4795
2594
733
1482
4982
1598
1693
1466
2306
2194
487
769
3968
191
96
1735
1802
1936
3723
3470
2370
3214
5085
3662
699
186
2323
4253
4996
4668
3845
285
2780
232
4526
2898
952
2594
733
4997
3298
3798
3387
456
1633
501
399
2194
1543
1981
191
3439
4451
55
1855
1936
4553
2793
3723
4006
4517
4460
3214
2174
0
3297
2862
699
186
2323
4295
4996
203
3886
5113
2780
232
4526
2898
990
5036
3137
2273
2242
3298
4326
2758
530
979
399
456
4179
1190
1577
4426
2194
1981
4290
191
3477
4451
1934
1936
3723
2793
4617
79
4517
1517
4614
3297
2174
2679
699
2323
4529
1646
834
585
972
2780
232
4975
2898
203
3106
5068
4007
2349
2242
3330
4326
2758
3044
1021
399
456
5113
4179
1223
1577
4465
1981
4330
3517
4451
1973
1709
2793
121
4517
1517
4653
3297
3674
2174
2728
3987
4828
203
3929
834
2509
1014
3608
4975
3330
5113
2242
4326
2758
2539
269
1060
1165
4179
1457
1261
1577
4503
2821
204
991
4364
20
620
1756
2048
867
1517
1478
1443
3674
2774
3987
4828
3650
3929
834
223
1054
2544
4975
3330
1365
2351
204
269
280
1359
1504
3731
2821
991
20
2063
655
1810
2048
1443
957
1640
2343
3987
4828
3683
3929
2587
3374
1365
1659
2436
1188
1569
3477
2351
204
269
5062
312
1394
360
1558
3731
2821
20
693
3030
3145
2048
3277
1443
1640
4560
2087
1238
3374
1365
1659
2436
1188
1569
2643
3298
835
3477
2351
1211
5062
407
3731
2559
3794
1198
4005
3422
2578
5112
2229
3030
3199
2198
1107
2060
2571
701
1640
4603
5032
2087
4356
2290
1274
85
1288
3938
1659
2436
1188
1569
4398
2643
3049
835
3477
5090
1211
2748
1152
4774
5062
2669
407
1400
3794
1198
4005
4409
1175
3422
2624
5112
2229
3030
5083
1757
141
3468
1147
2571
2456
701
1362
3048
2198
5064
2087
4356
2357
1583
4909
1330
3938
85
4398
4774
3049
835
1175
5090
1211
2748
1195
2669
1833
465
407
1400
3100
10
3794
1198
4005
4409
2814
1258
3422
2682
2124
2229
97
2198
5083
1757
3290
2571
2456
1349
701
4905
1362
1137
3097
128
1837
4356
2402
1625
4726
550
4909
1365
3938
85
4398
478
4774
2615
173
4999
5090
2748
1232
2768
1175
2669
1833
901
1400
489
3140
10
4143
4582
2852
4460
1064
1837
2124
97
5083
2065
1757
5003
2456
1384
26
4948
1362
1137
3146
4658
550
338
2828
4726
3749
4909
576
1663
478
2615
588
4438
173
395
5037
1894
3733
160
4087
1833
3028
901
4460
489
3200
10
4143
4628
66
2897
1101
1882
2124
97
2065
5003
1923
1426
26
4987
1137
3107
4658
550
372
2828
4784
3797
576
3071
478
2615
588
4438
173
395
160
1894
3773
4087
3028
901
489
1056
4143
1282
1546
66
659
1658
1912
2986
3220
2065
4464
724
5003
1923
1878
26
745
5044
3697
4658
4318
409
2828
4784
3842
576
3071
2794
1278
138
588
4438
395
553
160
4074
1894
4224
4087
3028
120
1056
2428
1603
2687
1546
700
1799
2986
3264
4499
2657
724
2525
3992
1878
4458
2941
745
5080
59
3697
138
967
29
4784
2629
1713
2831
1278
1679
3191
4853
553
4074
955
4224
4125
367
3404
4946
1075
120
1056
2428
1603
1147
1546
731
4791
3000
3920
2986
3307
1649
1243
4539
4678
2876
4351
2525
1343
3182
1878
4458
745
3646
59
4972
1888
1008
62
4434
2629
1713
647
2873
138
1278
927
1679
2324
4853
553
4074
993
4224
3753
4161
3404
2475
1075
120
4946
1147
2428
394
4705
1603
4791
638
3628
367
3000
3954
1243
1178
1649
40
314
2876
4381
2525
3485
1476
3229
2062
2011
3678
59
4972
1915
1415
2119
647
2629
1713
4458
1425
927
1679
2379
401
4853
661
1655
1034
394
3753
367
3404
2515
1075
3628
4946
1147
1363
880
3000
3420
1243
1178
40
2876
1193
3367
3530
3634
2062
2011
3716
1464
4972
1938
647
1442
1425
3156
401
2345
3063
699
3040
3837
394
3753
870
2740
3681
3628
1201
2559
713
1363
487
3793
880
211
1178
40
1430
3175
4062
3367
3634
2062
1960
2011
3620
2948
3433
2659
1442
4668
1425
4864
3156
401
3063
870
2559
3040
3411
1242
3681
713
1363
487
2711
3839
880
4120
518
4553
1430
3175
4062
3367
3634
52
1960
957
2948
4581
2659
1442
3433
4668
4466
4864
1917
3156
3063
870
3376
3633
623
2402
791
3681
360
713
497
3772
1166
1326
3269
4860
668
772
518
4553
3708
4681
3175
4062
1430
3492
1928
440
3709
52
1960
957
2948
4581
2659
711
3433
3881
4466
781
4864
1917
1885
5073
887
3669
658
2080
2402
3037
360
4774
497
3821
1166
1326
3312
4899
668
808
518
3708
1556
5048
5073
2060
3492
1928
440
3709
52
2831
431
429
4581
4466
711
4335
1829
2887
1885
1917
3643
887
696
2127
2402
3935
4021
3081
3221
2582
497
4012
1166
1326
668
3708
1585
5048
5073
2060
3492
2369
440
3709
1067
5076
466
3776
429
2486
2831
711
391
1859
4009
1885
275
3643
1295
95
1052
2168
3935
4021
4044
3221
887
2582
991
2925
4669
599
253
3390
2764
2593
2412
1948
5048
3329
2369
505
1067
5113
2831
3819
4210
429
2525
4009
802
391
3946
2310
906
275
810
3643
1332
3927
1052
3331
3935
1898
4021
484
4243
559
2925
4669
2582
2184
2605
4358
2246
3390
2764
2640
2412
4017
1985
3329
2369
1067
190
1633
599
4245
2566
4009
802
391
2781
535
4094
2310
906
275
810
4410
1370
5070
3810
3370
3852
1898
3927
4720
559
2925
4669
2184
2647
4358
2246
3390
2764
2695
5022
2412
1951
4017
1355
3759
3329
599
2669
1633
4291
4248
2180
1315
802
2517
4094
2310
2643
555
810
4410
3852
3810
3606
1898
4979
906
4352
4221
1793
4720
559
1615
3480
2184
2694
4358
2246
5112
1951
5022
1225
4017
377
3759
4167
2715
1633
4248
2180
1284
945
4041
2517
4094
4722
4820
555
3049
4410
3852
3810
3027
3655
1412
4876
1232
4260
1846
286
1542
4720
4409
3958
3480
3302
1615
3115
1951
5022
1225
416
4167
3759
2764
1035
4248
951
3614
945
1275
2264
4089
2517
4722
4002
4820
555
3027
3694
1232
1458
4876
2400
286
1542
2473
167
3166
3480
3302
1615
3115
4167
2281
2893
359
589
1035
1107
2264
951
3656
945
1275
4726
4133
1061
4722
4002
4820
4011
4954
4587
3027
3908
1232
1721
1508
568
4876
286
1542
2473
167
3302
1952
3115
4376
2281
314
2182
422
3421
359
2909
626
2684
1035
4564
1107
951
2039
3192
1755
4852
1094
1449
4633
4002
1063
1498
4011
4993
3483
863
3473
1721
4057
568
2473
167
1952
1718
3650
3421
4376
2281
3326
2182
459
314
2284
359
2909
626
2684
3519
4564
1107
2039
1806
3590
3192
406
1767
4852
3071
3387
1449
4804
1063
4011
5029
4496
3483
3841
1762
897
3473
1721
4057
568
2743
1373
1952
4090
1718
1886
2449
3421
4376
3842
2182
2787
2424
2284
4543
2909
3992
626
526
2684
4564
3625
3697
1762
4286
3635
718
445
1767
2039
3927
2611
3917
1449
4852
3192
1063
4304
3519
4496
3483
3841
937
3473
4057
2947
1373
4212
4090
1718
1886
2449
4673
335
3842
2787
2284
4543
3992
526
3519
3625
1762
4286
3514
718
482
1767
3388
2611
3217
3917
1318
541
4304
4496
3342
1556
2012
3841
4791
1672
4844
2484
1373
919
4090
4212
1886
1043
921
4704
3842
335
2449
2787
1312
526
3625
4286
718
1275
4562
3388
2611
3217
3917
1533
573
4304
1556
3342
1476
2012
1017
255
3899
3769
274
2534
2927
4844
2484
3224
1397
841
3350
311
1043
100
4218
921
4881
90
96
3902
1608
1312
4212
335
1586
2895
4562
3388
2985
330
636
610
1556
1530
2012
1017
2141
3899
3769
274
2534
2927
4844
2484
3259
1397
656
4144
1043
100
4258
136
96
921
1082
1312
1608
1247
3194
1419
3424
2895
4562
4655
330
636
2
1582
3040
1017
2180
3899
3769
274
2534
4718
3257
4270
4018
821
1397
3194
694
4144
1082
100
4299
184
96
2035
1419
3013
1608
1247
4572
2135
3461
2895
4655
330
636
2
3354
649
509
3564
231
2498
4758
3257
361
1254
4018
4270
821
5117
3194
730
4144
1082
5006
1419
2091
3013
1597
1247
4572
4072
1027
900
4992
2173
384
4813
3344
2819
781
4655
2809
683
3740
2
1302
3927
3384
685
4872
537
3564
231
2498
4793
3257
361
1254
3261
4270
821
2671
5117
301
3803
5006
408
1320
3013
3959
1928
1597
4572
1175
1219
900
4992
2210
3344
4843
2928
617
2863
781
2809
683
170
3740
4389
1351
1344
4380
3425
4072
4872
567
3564
231
2498
1468
361
1254
3261
4192
3283
2671
5117
1353
1712
301
5006
408
1320
3959
1782
1213
4992
900
3344
295
1532
617
368
4886
2809
1334
683
170
3740
4389
1351
1766
1374
4788
95
4872
2679
1040
3650
4380
848
3221
1468
3283
3261
4192
2671
301
1390
1712
408
1320
4626
3959
1782
2884
2613
4783
1451
325
2529
617
3357
368
4927
1334
2639
170
4389
1351
1766
2679
4788
1547
95
1052
4380
1040
2632
4287
4208
848
1468
3650
3283
4192
1678
1143
1435
2129
2965
28
4626
1782
850
3212
1309
4783
2884
2613
362
2529
5024
5010
2788
368
5114
1838
2180
1334
2291
3126
1451
2639
1766
3233
2679
4788
1596
2632
1678
81
1040
4208
848
1555
3454
4966
2129
3012
28
4626
1853
850
2452
3252
1347
4783
2884
1870
3591
1407
4443
65
2788
1838
1451
2291
3126
3233
2639
3870
81
1817
2632
3710
721
442
4352
4979
4208
1678
1555
3498
4966
4242
2129
3062
2434
1853
719
1371
850
28
2452
3296
2238
4072
4184
1870
3591
1451
4443
105
2788
4623
1838
1151
3126
2872
2934
3870
81
2801
568
3752
442
4352
4979
4824
5107
1555
3547
4966
3513
2370
1995
3345
2434
3754
2974
1225
748
3371
1371
4149
4184
1870
3885
1502
1719
4443
4723
3591
4623
1841
1192
2872
2981
3870
2700
2801
746
4713
1854
442
5107
4824
4236
858
2907
427
3218
2195
1712
4431
1995
3549
2434
3801
2974
2791
3371
3451
761
3054
1371
4031
4184
385
3885
1841
1734
4723
4623
2872
1669
3027
2700
2801
769
3179
1369
4792
1493
4824
4236
5107
1672
893
2907
5035
463
2195
2978
2355
4470
1995
2396
3597
3846
2974
1013
3492
790
3054
4077
973
385
3885
1841
1734
4723
4401
3014
3714
1669
3651
2700
5119
3228
1369
4792
1718
4236
2272
1672
930
2907
5035
2195
3023
2355
1686
4229
2396
3326
3945
1053
2666
3602
3292
3054
4086
973
385
3254
1986
4401
2695
3014
1669
3685
3233
441
5011
2775
1369
5119
4792
1766
2272
4405
3745
3337
466
5035
3067
2355
364
3454
4269
2396
1990
3326
3979
2090
2666
3292
3973
1716
2823
973
2461
30
193
4401
2695
3014
3053
1490
1201
441
5049
5119
236
2722
2222
230
3745
3337
2845
466
2272
397
3454
4310
1296
1990
2296
4512
4543
2666
3292
3973
1772
4990
1816
4365
63
4746
193
4833
2247
2695
2461
3053
1490
1201
441
5084
60
924
2769
2222
262
3745
3337
2845
1447
2117
1983
4665
3713
3454
1296
1990
2296
4512
2157
4715
845
1971
3796
3973
981
848
624
4288
1816
4293
3887
4196
4746
4833
2247
3041
3405
3217
193
4679
3053
1490
1214
3342
1066
1851
2461
3380
60
966
2984
2222
2117
2845
1447
1201
2028
1187
4691
336
3756
1296
3515
2296
4512
2193
2805
845
1971
3796
3052
4715
1023
841
883
624
4328
1816
938
3930
2561
4746
4833
2562
2181
2985
2247
4236
1146
4679
4021
1061
1214
3405
1066
3417
67
60
1009
3188
1491
2927
349
2117
2078
1187
4724
370
3965
4805
452
3515
1973
2599
1618
1382
2805
1971
4715
3796
3052
4859
3321
841
922
624
2278
1061
978
3967
2608
1030
946
2562
2224
2985
1146
4064
1214
3405
1066
3456
4519
67
153
1289
1491
586
1522
2380
349
1187
4403
3301
4818
2762
4805
452
3515
735
4323
1973
2599
1299
1618
2805
211
4859
3052
1204
3707
2278
1061
946
4641
1065
2562
2380
1146
4107
2040
142
3572
4519
67
153
1328
1491
586
1522
4328
3737
349
1143
4091
1217
4818
2805
462
4805
452
4323
4018
2137
2599
1299
1973
211
4859
174
1204
3777
1628
1618
2278
993
946
4596
3060
2380
3495
3065
2040
142
2576
3572
4519
153
2507
3507
3495
586
1522
3363
3737
1143
4091
1254
4818
462
211
4323
33
140
74
1299
3479
1597
4163
1204
803
488
1256
1628
1279
993
174
4596
3060
2121
164
2040
142
3703
3572
319
4318
3657
3552
3495
2507
3267
4684
3363
3737
3212
4091
4242
462
315
714
33
2012
1853
3479
74
5075
936
4195
174
4797
803
520
2851
2643
4272
1628
1279
4596
2516
3060
2163
3409
164
993
3703
3018
319
2975
3002
4486
3657
3600
2507
3267
2441
4437
3363
3212
3977
4246
4242
5075
315
714
2984
4116
2061
1737
775
2152
4255
111
4168
1006
3479
4832
552
2896
4178
3537
2690
4272
1892
1279
2516
3964
2411
3409
164
74
4706
3503
962
3703
3018
319
2975
4990
812
1854
4486
3657
3002
4803
3267
2481
4437
3212
3977
4292
3340
117
2683
1892
714
2984
4116
1737
1090
810
2190
2226
5075
4168
4734
4862
2613
4178
2741
2529
5024
4706
2516
3993
3409
1041
753
3503
962
3002
3018
635
2975
4990
2886
1854
4486
4803
2522
4437
1435
3977
4332
3534
117
2683
1892
38
2984
4116
4396
1737
845
2236
2273
4168
4734
1090
4178
4706
5024
4039
1041
2291
2960
3933
753
3503
541
978
3854
4990
317
4848
4803
295
2926
1508
3011
3647
1435
5111
4172
117
2683
1111
1301
4734
82
4438
1090
38
830
2452
3215
4492
4367
1041
570
3933
23
753
541
1036
3854
348
1817
2221
4898
295
3647
1862
128
1508
1494
3011
1435
20
4202
38
4101
1111
1301
82
1536
830
4579
2383
2914
4371
928
4492
4367
3215
5018
4749
570
1228
3933
1741
2275
541
3132
3854
382
1817
2221
4926
295
4526
1862
3647
1551
236
3011
1671
52
5030
847
4101
1111
1301
82
1536
3371
830
3458
4579
2914
4371
1123
2383
501
4492
4367
3215
5018
4797
1626
4981
570
2962
1794
2275
2318
3183
2413
1950
1817
2221
1600
3361
5025
1862
4561
236
1121
1671
5062
847
4101
2450
1453
1536
2204
4849
3503
4579
2914
13
4371
1161
2383
501
3065
4806
1734
2225
1185
5018
4797
3714
4981
2962
2275
805
2318
4609
1987
4687
3361
4879
5025
4608
2209
1121
5001
1671
4694
847
2450
1490
2204
4849
2359
1563
845
3553
13
3065
3723
2225
501
4806
746
2864
1986
4609
4797
1341
3714
4981
2962
1185
805
2318
4136
4687
4239
3361
4879
5025
2209
1121
5001
1775
90
4206
4902
436
2450
4625
3465
1563
4849
2359
13
1185
2823
3765
2225
4609
746
4806
2864
1986
1378
2029
3314
378
805
4687
4239
130
4879
2209
2595
5001
1775
90
4206
4902
469
149
1008
4663
1280
2359
1098
2823
632
4459
2311
746
2864
1418
2029
3314
5049
378
4303
4743
2459
4239
1743
1844
2595
664
1775
90
4206
4902
510
2843
1008
4690
388
149
1280
4995
4685
2311
389
2803
2447
2029
3314
1437
5049
4303
1851
2413
4743
2459
1418
2226
4251
1809
3933
1844
2595
466
664
2043
2187
149
2277
5011
3336
1008
388
2290
1280
2521
3412
5026
1102
2447
2311
4278
2803
389
1571
4679
1437
5049
4303
1851
2413
1418
2459
2147
4251
1848
3941
625
1844
1893
664
2043
2187
1079
2277
5011
3336
4133
388
33
1456
2521
3412
1773
1142
1116
4422
2803
389
1571
2106
1437
3648
1553
1339
3436
1418
2212
1903
4251
3941
660
4222
1893
2429
2043
2886
5116
2277
5011
1079
2187
315
4133
3150
4689
1456
1145
4867
2521
3412
3721
1187
3452
1116
4422
4498
1260
206
3336
1571
2106
1046
3648
1553
1371
3436
2260
1903
130
4590
4917
3941
4193
4222
4328
1893
2429
2784
3589
5116
1156
1079
2836
4133
3165
2391
3203
4480
4720
1456
3493
1145
1098
4867
206
3721
1167
4361
1199
1116
4422
4498
3452
3246
2249
3170
3648
2106
1046
378
1553
4718
1100
2576
4362
4472
3085
4347
130
4590
4917
1407
4193
4222
4328
2429
2997
3075
4483
1156
491
2836
1812
3165
2439
3978
4480
4759
594
4890
3493
1145
1098
4867
2089
4758
4237
3721
1167
4361
1199
2464
131
3589
4737
3452
3246
2249
3467
4498
206
1903
3170
655
4973
1046
1668
3996
2576
2708
3405
4472
3085
4347
1407
4590
4917
735
3502
4684
1168
4318
4517
3046
3075
1156
1068
2508
2836
1812
3165
3516
3978
4480
93
3445
1797
2480
1447
977
2089
4758
4237
803
1167
4361
1199
3439
131
3689
4737
4018
3246
2249
5035
3220
3589
3170
655
4973
2941
1668
3467
3996
3999
1221
5042
192
4472
3085
1064
1407
4318
3502
4684
1366
4556
3778
3075
3445
1068
2551
1268
3691
3516
3978
1850
4392
1812
111
1018
2089
4758
4237
579
2940
556
3537
4272
131
3730
4737
4061
1509
3439
5067
3220
3467
2770
4973
2941
1668
2798
655
3999
2133
1221
5077
1064
1067
4599
4109
2865
4129
1398
3391
3778
3502
3445
1068
1586
3412
4755
4436
288
4459
4710
111
2395
4547
3288
3537
2767
4043
1909
130
1509
68
4748
1665
3805
2811
2941
2782
2836
3771
962
3999
635
1976
3220
1064
1109
760
4109
4599
1221
2865
4129
3431
3778
3240
323
2504
1586
3447
4755
4472
288
4459
4710
4594
3288
2767
4043
4750
1509
68
4748
3805
2849
2960
2942
2879
5118
760
635
978
3783
1825
1635
3242
4709
4109
4599
4193
4129
2865
1586
223
323
2540
3240
939
1927
4755
1764
288
4710
331
4639
3288
2767
4043
4788
4887
4748
594
2727
1773
3805
760
2960
2942
1531
5118
3828
978
3828
1679
1825
4041
128
1508
4275
3240
68
4388
323
2583
1957
4855
1820
1778
4711
331
165
1317
523
1195
4887
1773
594
2727
2890
2818
3881
2942
3266
1531
5118
3996
3828
294
684
2283
1825
4041
128
1801
2789
4316
4115
2257
2329
2789
63
2371
1995
1996
2995
4711
4855
331
4174
214
1141
1038
3594
4397
4894
1195
4887
1773
594
2727
2890
2818
4495
3310
1531
3881
1125
3828
322
3802
4053
4041
1854
2789
4355
4330
1906
2257
4115
554
2553
2816
63
2371
3131
4675
4070
4711
2995
2494
1857
4941
4174
4630
1141
424
3594
1796
4934
4439
583
2890
4855
4495
1195
2818
3881
3347
148
1038
1125
4274
360
3847
3488
5081
4187
1890
2789
4115
1906
2257
2596
3043
63
2371
3180
4708
2995
2204
2494
2024
4941
805
4174
4576
1141
461
3594
1796
2289
4474
1456
4972
2976
3022
3319
4073
148
1125
4274
3488
558
5081
4224
758
2304
2100
1268
2599
2815
3227
4743
3998
3456
1563
2494
2074
4941
840
3037
22
4615
498
1507
499
3660
1796
2289
3022
4073
2976
148
1929
4274
3488
5081
4408
2982
2304
2142
1268
4182
2822
2815
4201
3971
4565
3998
3456
3037
2487
322
873
22
4651
498
1011
4230
1725
5102
3698
2289
3022
4073
1929
1648
3436
444
4780
795
390
3028
2304
2182
1268
4213
2862
4425
2815
4241
3971
778
1428
3456
1826
2526
322
3372
3532
2871
498
1018
4230
1045
2709
3741
12
4716
2956
2682
4321
98
1929
3274
1648
4743
444
4780
832
390
4488
4836
4250
1929
4425
3971
778
1427
2290
1826
3975
2567
322
3372
3532
2915
2238
1018
4230
4756
2709
3579
3707
47
2682
2956
4321
3571
4571
98
3316
2708
1648
444
4780
866
1700
930
67
4488
2309
4836
2026
1959
390
3400
778
1799
1799
2290
1826
3372
3532
3932
1018
1483
2709
2751
3707
4953
2973
2956
1525
4857
4321
3571
5058
4571
1245
2682
98
2199
2708
2927
3558
235
700
3623
1700
930
2790
106
4488
2309
4836
2886
2026
3471
4251
3400
2967
1799
1012
22
4532
3932
3725
1483
3944
5095
2793
3707
4992
1737
658
1525
4897
3571
592
1151
1245
842
4391
4571
4315
3583
2974
3020
4659
3623
1700
930
2790
152
1005
2309
943
2886
1502
2026
5116
2964
3515
3400
2967
4220
1787
3361
1558
2632
1012
53
4532
22
3932
3767
700
1483
3944
6
5028
1071
658
1525
2508
4937
592
2950
2510
1245
876
1151
4391
3228
3498
4718
1300
4481
3306
4215
5087
4659
3623
2226
2790
1791
1670
3583
976
2881
1502
1005
3565
3016
491
1714
2967
4220
2003
1787
1038
3393
3493
2677
1012
267
4532
3810
1843
1558
2447
3944
4214
4659
1071
658
2508
2924
3020
592
2950
2510
436
910
4391
3228
3498
4718
4937
4481
3306
4252
3583
1337
4347
700
2226
3819
1860
1005
1022
1502
2232
3020
491
2922
1714
4717
4220
4849
1787
139
180
4327
2725
2592
4495
917
2133
1755
2792
4237
1071
808
2246
2950
2510
436
3228
3498
4256
4937
4481
3306
1089
4415
3197
4999
3751
2910
4297
3231
3819
2287
2133
1714
3516
1778
3691
750
188
4887
4361
2592
2976
556
3305
959
3439
1755
2792
4550
554
808
1751
436
959
4256
4937
2612
1135
1264
4734
4415
3197
3766
3751
1089
2910
4999
3819
2523
3620
4631
2063
3691
1197
1778
4929
750
403
4391
2395
2592
556
3305
997
1755
232
430
1715
2782
959
4256
1089
2612
2952
1264
4772
4415
3197
4698
3751
3809
2910
5072
2972
4999
1964
506
3620
1287
2063
750
449
2395
3005
826
3305
3878
5064
266
1969
653
3898
430
1715
2911
2782
31
5034
2612
597
1264
4812
4709
4698
531
29
1639
5072
2972
34
2006
506
982
1329
2063
3620
481
4307
3005
3816
3918
687
4909
5064
826
376
300
3898
1715
1640
2911
31
601
5034
597
3838
1263
109
4698
158
708
29
1639
5072
2972
3639
34
2053
506
3351
1316
565
4709
4925
1744
4364
4307
1176
2965
632
1438
4169
3816
617
687
4951
3353
5064
376
2027
826
3898
4165
2911
31
5034
3005
597
3838
1263
109
208
29
737
1639
3146
3639
34
1776
565
1316
4925
4364
4307
1176
2965
632
1438
4169
3816
4131
687
1870
3353
9
376
2079
4197
3453
3511
2827
712
3993
3851
3146
1263
1346
109
250
2852
901
4330
3639
600
2050
1776
565
4425
1316
3265
4925
4364
2965
1176
4775
2759
632
1438
4169
9
4174
3353
2379
3497
4235
712
3511
2827
4104
3993
3851
3146
4357
3303
2341
2852
4330
1346
1906
600
2050
1776
4719
4425
3121
3265
1855
819
4154
2759
924
1645
3546
712
9
4359
4374
2379
3673
430
3511
2827
3321
3702
3599
3993
3851
2165
2833
1750
2656
4387
3303
2398
4396
4446
2082
1346
1881
2852
2050
3172
4719
1855
600
3265
1131
819
4154
2755
924
764
2240
1632
3548
4409
2379
387
3709
3321
3703
4962
3599
3821
2833
1750
2656
4579
3303
2444
4396
4446
2082
1222
3825
2262
1704
757
4719
3221
1252
2005
1326
3998
819
4154
924
764
2240
1677
3753
355
1074
4309
1855
387
3931
3321
4962
3599
4354
3821
2833
3838
2656
1750
2262
4396
4446
2082
2931
3867
2736
2202
1252
757
4511
2005
1362
4046
842
3155
3618
764
2240
3518
1721
3800
355
4309
2129
387
75
4962
3672
3821
4113
2931
2736
2202
1252
757
4511
2005
2943
4046
842
1152
3155
369
3975
3582
3618
3518
1208
355
4555
4309
3693
3319
4407
116
3706
528
4942
1412
2001
4881
557
4113
1336
2931
2736
2202
3380
43
4511
2175
4223
414
2943
4046
842
722
3155
369
3975
3582
1560
3618
3518
1208
3587
3693
3319
4407
1152
182
1733
1477
581
528
4942
1412
4143
4881
2179
586
4113
1336
1983
2760
43
2175
4223
414
1665
750
1152
369
529
2796
1560
1208
2996
3587
603
4407
1733
1477
4536
528
4942
1412
4183
4881
2179
621
1336
3812
3915
1983
3006
43
2760
2175
1049
414
2159
1665
4757
4223
2966
2841
529
1560
279
2996
3587
4289
603
1733
1477
1151
4649
2118
4892
3812
1088
3952
1424
3152
2944
2262
1983
3006
2760
3056
3915
1754
2159
1665
2327
1558
529
2875
5108
279
3500
1047
2996
2186
2083
4448
603
2667
2508
194
4349
2610
1470
4259
2160
4892
3812
1088
4155
1424
3152
2944
1893
3006
4198
4924
3784
3915
3159
1754
2159
4484
516
2875
279
3712
4261
1384
2186
2083
4644
2713
2610
194
2016
4349
1109
867
1047
1519
4259
2197
4892
1088
1384
3152
2944
3003
2476
3231
125
4198
4924
3784
3196
3915
3211
1754
2943
4519
1663
2666
4024
2875
1047
3755
4261
2610
2186
2083
2792
554
4672
452
3937
194
2590
4349
1109
867
1751
293
808
4440
2583
4259
1709
2016
1384
2554
4831
3231
3003
2476
125
4198
1663
3784
3236
3556
2712
4024
2007
5061
992
3211
4261
4423
493
3937
554
1955
2517
5065
2590
2016
1907
1109
407
1751
959
293
4440
2583
5083
2996
2107
534
1709
551
2554
4831
1626
4515
3003
867
251
125
4205
1663
3278
2239
3556
2625
5085
4088
4024
2007
1996
1458
1955
3211
409
4423
3937
2505
2011
2554
5065
2590
1907
551
2389
1656
3299
293
2583
1982
2239
1709
534
2554
4831
1626
4515
2401
251
4205
4194
142
4756
3742
3556
2625
5085
191
3910
4088
1153
2738
2007
1996
5108
1458
1955
3211
409
4423
403
2505
4304
4930
551
5065
1907
2418
1656
3299
1134
601
2030
2239
3608
534
3360
672
1626
4515
1162
2401
4205
3742
332
4756
2625
5085
4088
234
3910
1153
183
2738
3037
1996
5108
1458
79
1814
403
2505
4930
5
970
1134
3884
1656
3299
2070
3397
601
3608
3360
4218
4701
672
3743
4119
1162
2401
2631
4444
3742
809
366
4762
994
3236
1607
273
3910
83
3514
1153
183
3323
1879
3423
2103
79
403
3924
4930
40
970
1864
2490
2336
3929
2085
2001
2309
1134
3111
3436
1389
3608
4476
434
4218
4737
672
3789
4119
1162
3323
2631
4481
4351
809
4342
4046
994
3117
739
2363
3236
83
3514
1607
3423
183
1691
1879
2103
1206
4543
4960
795
79
3961
3837
71
4189
970
1864
2336
4137
1662
2001
2359
2085
4440
227
434
1389
4218
1617
1512
3834
4119
3323
2631
4516
809
4372
4095
994
3173
764
140
2361
83
3514
3236
3423
1688
2759
1691
2103
1607
4960
795
779
3837
3831
4189
2658
1864
3369
3225
4602
2336
1662
2001
4121
4989
434
5020
2165
1389
2085
3258
1512
3180
1099
4194
1182
4175
5088
2491
140
2580
2021
255
225
3577
2922
1691
2820
3025
907
4960
795
54
2829
3837
3023
3873
4189
2658
3127
3369
3225
4602
3931
1662
3679
4121
4989
5020
2882
2165
538
1222
1525
3258
1512
3882
3180
1099
1751
4194
4969
4231
255
2491
140
4199
2021
2396
225
2738
2922
143
3577
3025
4810
433
284
3826
54
3260
734
3023
3912
3097
2658
3127
3369
3225
4602
3931
3679
4121
4989
5020
2882
2408
569
3202
1222
4956
1578
3258
1591
2894
3922
3180
1099
1945
5007
4238
255
2491
4239
3770
2021
2442
225
3268
3025
143
3577
4839
3241
284
3826
54
3303
734
986
3755
3097
1324
3127
3023
3536
3931
4984
3679
2347
483
1591
3111
2882
2408
607
4956
2149
4322
2894
3956
77
3157
2876
5045
2479
3499
1387
4282
3770
2265
2482
3268
4341
143
284
3826
4078
513
734
986
3755
3097
1324
4767
4013
3536
2751
1591
4984
2404
1030
2416
3111
2408
3595
4956
4322
2894
4595
1948
878
131
3380
4186
4132
2918
3499
2519
1627
1387
3770
3268
985
3582
2020
4078
3693
3113
986
1703
1324
4767
4049
2416
2751
4984
3057
2449
1030
5015
2438
499
3642
4322
4767
3181
878
1999
1948
3380
4186
4132
2969
3499
4741
689
1627
3207
3677
1028
1387
2020
2099
5009
2453
4078
2481
4613
1703
2416
4767
4098
2751
3113
3057
4536
152
1030
799
5015
2438
499
813
2179
3413
3859
2259
1341
4803
2928
3181
878
4337
4186
4132
1042
3667
2506
3675
1627
4634
2908
3493
3207
3677
1948
2747
2099
4616
2491
2481
3112
4613
3676
2020
1461
1703
3102
1196
3057
4536
152
799
5015
2438
499
813
2506
1293
3413
429
2259
1341
2506
2928
3181
1377
340
4457
3667
2172
3701
1891
4635
2908
3533
3207
3677
4039
4032
2747
2099
4616
2529
4613
3718
3711
3151
1461
3668
2376
1196
152
799
813
3938
2541
975
340
3413
3185
2259
1424
2576
1341
2928
2506
251
465
2186
4492
3667
4748
3744
1739
2211
4635
3583
3576
4861
1891
3157
1377
2376
4078
2899
2747
4066
500
4616
2891
3760
732
3762
3668
317
1372
1461
2908
1196
2885
1361
4298
2584
975
340
3185
2622
916
1249
1600
1377
2229
5107
4924
4787
4325
3785
1739
1891
4635
3629
4589
3541
4861
3157
3786
5006
276
4106
2139
2891
3951
497
743
760
3668
317
1372
3928
196
2885
1397
4340
3921
975
3185
2668
916
1249
1600
1308
2476
2278
17
3589
4974
260
3980
1028
2302
3666
4635
780
1610
1292
4861
3786
276
4397
125
4147
2139
2891
3951
743
949
788
4026
317
4199
1372
3928
196
3887
2885
1443
3921
2145
916
1249
1600
1308
3738
2267
50
3634
4731
260
4016
1028
2302
2139
4806
2842
1610
1292
2125
1835
276
4397
174
4338
3951
2481
3112
743
1141
4026
2598
4199
3928
196
2138
2022
3887
3760
2348
3024
3921
4257
4949
3738
2267
276
1308
4768
260
1852
1028
2302
339
3815
2630
4566
1610
1292
2885
1835
2125
732
4397
4369
1487
2105
2446
3112
1181
4026
4199
2138
2022
3887
3760
1285
2348
3024
3108
4418
4949
3738
2267
4679
4805
4756
2689
3654
3429
339
2430
3857
4566
2125
1835
1375
2025
4702
4402
209
4388
1487
2148
3699
4248
1002
2446
4306
2138
2322
2022
3760
2685
2348
3024
3157
1285
3994
3360
1079
4463
4949
2192
2189
2683
732
2689
3690
3429
2430
3900
4566
2624
1580
2922
193
2025
4702
264
209
4388
1487
2388
3742
902
1002
3055
4306
2490
409
732
2446
2322
4620
1285
2735
569
3372
4476
3994
1114
1703
4463
4634
2240
2234
3875
2733
4351
2689
3731
3429
3833
2430
3366
2624
1621
520
1879
1492
2025
4702
1621
298
4585
4388
236
3782
941
1002
1467
3055
4306
2490
527
4601
2322
4620
5029
2778
3808
569
4476
3994
1750
4463
771
4634
4889
2294
3875
2776
3486
4351
5007
4098
729
800
3833
16
3402
2624
1657
520
4414
1717
1074
1512
1621
270
4629
527
3808
729
1467
3055
4900
860
4601
1428
4620
5029
2315
569
4375
1286
1246
725
1805
771
4889
3875
1584
400
2735
5007
4098
3833
16
328
3285
4622
1656
520
4414
1074
3802
2899
2878
4324
527
3808
4657
729
30
1507
4939
860
4601
2112
5029
3469
2367
4375
1286
1246
725
2121
771
1584
3799
776
439
5007
4098
4433
16
3330
4622
3984
1698
2735
1074
3802
2899
4324
433
4441
4657
30
1507
1480
860
201
2153
4533
3469
4385
2019
3138
602
4375
1286
3676
1246
2121
725
477
4377
1584
3799
2459
3913
776
4429
1401
2903
4433
3368
4622
1742
2501
2735
5017
3802
4324
433
2652
3237
4657
4441
30
1507
2127
2191
1325
4533
3469
2082
4469
3138
2121
3676
3727
4141
477
4377
3799
2499
776
3803
1447
2903
642
4433
418
2265
3048
2501
4039
5017
1095
198
2652
3237
4441
895
3755
3536
2127
1117
8
1325
671
4533
2125
4469
3138
4178
3676
549
802
596
4575
2524
477
4377
3848
1496
2523
2903
2128
926
418
2265
3048
4287
3943
2501
4039
646
5017
1095
1084
2652
3237
198
895
3276
2574
2127
1117
8
1325
671
411
4469
4208
634
549
2524
2151
516
2132
1469
1532
4065
2523
3859
4741
418
2288
3048
4287
3001
3943
2431
2128
646
1095
1084
2921
2814
3276
198
673
895
3624
4539
1117
8
671
411
640
2524
549
2151
3747
516
2132
521
1469
1532
4065
2523
3859
4741
2328
4287
3047
3943
2784
646
4464
1084
2492
2814
3385
3276
673
3823
3358
1871
3624
4539
1472
411
220
2825
663
147
2151
3747
516
2072
551
1469
1532
4065
438
3859
3098
49
2384
2784
4837
4464
2814
3427
3919
673
3823
945
3358
3871
1902
3624
64
1472
4539
2863
256
1686
2864
198
3747
2072
49
3189
438
463
442
755
2784
4869
851
500
3319
4464
3919
1388
3823
3051
3358
3871
1925
103
1472
1911
2863
288
1686
4611
2072
49
3189
438
1739
463
926
476
755
4297
1216
5075
800
500
3919
1388
3095
1623
730
3871
149
5088
1911
2863
3420
2404
1686
3308
4621
4893
2692
630
3189
755
463
926
2450
4331
4297
3786
1216
1020
800
1026
1388
1623
297
3334
1911
5088
2285
2489
3259
3420
3091
4934
2404
3308
3945
4621
4893
2692
630
3546
77
4297
2256
2553
1020
2298
800
1026
4688
124
1623
297
3334
1108
5088
2338
2527
3259
3420
2874
2404
4934
663
3308
3945
2988
729
4621
4893
4940
1521
630
4035
2692
3546
77
4389
2376
2630
2256
2553
1020
2298
1866
1193
1026
3793
4688
4060
297
3334
1006
1108
2559
2570
2574
2874
4934
663
1961
3945
2988
4148
4889
756
3795
1576
242
4940
421
4035
367
3546
4489
5095
938
2964
2630
4428
2256
347
339
2553
1193
2298
1899
887
0
1340
4688
4060
2993
3124
2593
5055
1006
1108
3793
2770
2574
2874
1760
2378
1961
680
3721
2988
4148
1619
2593
4940
3098
456
4035
402
4489
938
4467
2964
3296
347
4112
4042
1923
209
1193
1377
3793
4060
2993
3124
5055
1006
4454
2770
4528
2574
1955
4666
1961
2378
2548
871
4148
2284
3280
2593
3098
496
447
4489
938
575
2964
5086
68
1783
3296
4112
3294
134
4288
4858
1416
421
2993
3124
2804
5055
4454
2770
4869
1988
4666
3437
4912
2548
906
2536
1684
3098
614
107
2
1783
3296
1765
3311
4112
3336
134
4288
2223
4858
421
1467
1437
4059
2804
2071
2483
352
1568
1428
4454
4869
1185
5118
321
3437
4912
2548
3184
1106
4417
1684
859
3117
651
153
1355
1783
857
4414
5077
3502
3373
134
4288
2223
4768
4858
421
1485
4059
2804
2072
2071
2483
3383
352
1568
4488
1428
3451
4869
1224
321
4912
3231
1106
4417
1684
859
3117
2714
2128
3522
642
4029
5077
857
1355
3551
3460
161
2282
2223
4768
154
3128
4059
1579
1270
2071
2483
201
352
1568
3421
4522
3451
1602
4385
4280
1262
321
3249
940
3275
2493
4603
1106
4417
3913
859
3117
1332
2714
3568
642
4615
4073
5077
857
1355
2315
3460
4928
2282
1814
4768
1722
4823
3065
154
1579
1311
201
4705
3690
213
1602
3451
4385
3188
940
3249
4106
2185
3423
2493
3735
4603
1307
677
3913
2930
1920
2212
1332
2714
363
3615
3283
642
4615
3507
2739
3350
2315
3460
4967
2282
1814
2951
1552
1722
1555
1758
3118
3814
1579
3690
3447
1602
2070
154
165
4131
3188
3075
940
3249
4666
405
4977
2185
4279
2493
3735
1040
2557
4603
502
677
3889
1920
2212
4575
1332
363
2930
3074
3328
4615
3507
3350
4648
2315
1072
2951
1552
1722
1590
1812
2979
3814
4081
3690
3447
3609
2070
92
1256
1010
165
4131
3188
3126
27
444
1464
5012
2185
218
4319
3735
1076
4575
2557
502
677
1920
2212
2868
4053
363
3350
3074
3367
1455
5030
3507
1706
4955
4648
1072
2951
1552
2573
514
1863
2101
3814
3118
4081
55
3447
3609
2070
138
1256
1010
165
4131
3704
3178
2068
1464
5051
212
254
1092
1111
2557
502
1706
1419
2868
4053
2010
852
3074
2385
1455
5030
3631
4229
308
4648
1072
889
2468
1215
514
4216
2023
652
2868
5052
3118
4081
3368
55
3609
1465
189
1256
1010
1455
3746
806
4955
1768
1060
1464
1092
212
2318
1687
580
3926
4087
4053
2010
852
2385
4187
5030
864
1706
3631
4229
4955
2468
889
1215
514
4256
2023
691
124
5052
3118
3960
3368
55
1514
4429
4765
4936
1361
3951
4667
2868
1768
1092
212
3251
4362
2090
1687
1387
3960
4130
2010
852
77
838
2385
4187
864
509
3631
4229
2333
2468
889
1215
2023
727
124
5052
4123
3368
3960
4429
4765
4936
311
1361
4667
2913
1768
3752
1934
3858
3251
4362
2090
1687
3543
3167
4167
509
3487
949
870
1811
4187
544
864
2326
2470
263
2333
2153
2470
3736
340
4368
2347
3960
730
4123
4429
4765
4936
1361
4667
3407
5040
2605
3752
1934
3858
3251
4362
2090
3450
3591
782
2153
739
740
949
241
1811
544
4331
3487
1380
2326
3562
263
904
1216
509
2470
3768
3860
375
1081
4400
2347
4085
3878
4123
1489
836
3619
730
398
3141
2391
3444
5040
2378
2605
3458
3858
2708
3708
2153
3450
739
817
3822
765
949
1055
1811
544
4331
3487
241
2075
4669
263
4531
5034
4142
2470
3811
563
414
1081
4441
2347
4085
1529
3878
3194
2825
1489
4424
545
1380
398
3259
2391
3487
592
5040
1856
2605
3458
2923
3376
3750
3450
646
852
739
799
241
1055
2825
524
4804
84
1380
2971
4835
412
4354
4531
4142
1815
600
4427
1081
3756
4085
1529
1489
1113
545
572
398
2915
3425
2391
351
629
4135
1856
57
1871
5016
3458
4761
3376
785
490
3795
2530
686
4563
4804
5095
1055
241
524
129
2825
2971
4867
450
4354
4531
3173
4142
3266
1815
0
2393
4466
3756
3861
3148
3260
1113
545
572
1368
2340
2915
3425
4403
385
666
4135
1856
4190
272
5016
680
4761
742
3376
1871
3795
1130
720
4609
780
4804
5095
278
524
2971
347
486
4354
3173
3266
1815
4994
2440
4504
3756
3861
2579
3148
3260
1605
0
1113
1506
1761
572
1368
2340
2915
3425
278
662
4137
560
4135
3356
4564
4190
32
5016
680
4761
905
303
1871
4403
313
3325
1130
976
4195
4650
2029
780
3692
3128
308
589
2717
3173
3266
4994
4482
2579
3148
3260
1605
151
2388
3025
3386
1368
2340
1695
278
662
4137
4664
4403
1653
4610
4190
246
3646
2073
3128
1130
313
89
4
976
4195
2242
780
2248
3734
34
3726
2075
589
2717
1122
4994
1234
3735
292
2579
4044
3068
151
2388
2732
4838
1265
1695
278
662
4137
2169
4664
1695
3437
2851
281
3646
1666
3128
589
313
4
976
4195
2297
2093
4559
2248
4332
3774
3632
3726
1740
2075
2717
1122
1935
4843
927
3775
1273
292
4044
151
5014
2388
4838
1265
1695
1736
2169
4664
782
2851
3443
3646
423
1463
4
2319
4382
3316
643
4141
2248
4332
2732
181
4111
3726
4520
3632
200
1740
50
1122
1935
1612
2573
1575
292
4730
4044
5014
4838
1265
1564
4280
2169
1143
782
2851
3443
3200
423
1463
3382
2826
1283
2374
3316
679
4141
392
4332
2732
50
224
3632
200
4520
2899
1740
1935
3619
1969
522
1650
2573
4038
4730
3187
829
1823
5014
4751
1209
205
1564
4280
3835
782
4106
3501
3443
1994
3200
1463
3382
1307
2826
593
3316
714
4141
435
393
2732
2115
2638
200
2944
2739
4080
4435
4921
1349
3619
1969
310
1693
1019
4038
3558
4730
3187
1210
522
4940
1823
1209
205
1564
1595
3835
4106
3501
3200
1994
4467
3382
1307
2826
631
2930
2395
3800
4457
2115
2193
2638
2993
2739
4080
4714
3249
4435
4960
1349
1969
2206
1057
4038
3524
522
4165
2824
1403
3187
807
4984
1713
2743
205
1523
1631
3835
4852
796
3501
1994
4467
1549
1940
2079
2588
3067
3800
4457
2115
2638
1529
119
4080
1266
4714
3293
4435
5001
1349
2249
3463
5046
3524
2743
4165
2824
1449
3850
1977
807
4062
3355
2064
1523
1675
2569
2795
796
3331
1549
1965
1978
2079
330
3067
3800
4457
4386
2269
621
3861
1991
2326
168
1266
4714
308
3335
3524
3463
3533
3890
4502
3168
1977
807
4105
1105
4180
2064
1523
3358
2614
1060
2832
796
2729
3331
1549
2010
2022
2079
365
3067
178
2269
621
1991
3649
1266
2426
308
133
3463
331
1699
4502
1977
4145
4220
1105
4180
2064
4989
1353
1275
2656
932
4732
3701
2875
2729
3008
3229
1060
1975
2064
398
2961
178
2269
621
3697
1991
381
1203
2426
133
752
2800
1699
4502
1105
4180
1696
2980
1316
1353
1487
932
4732
3701
3199
3179
2729
3008
1546
1975
2530
2694
3289
1408
2114
178
4407
3737
420
1203
570
2426
2333
2905
1738
133
1699
4100
4771
1757
2980
1531
1353
1088
1549
932
4732
3701
3199
3179
3752
1934
2698
1597
1975
2530
2694
3289
1408
2155
2389
4451
3094
4015
2369
187
1203
4848
605
2905
4693
1186
1789
1480
2743
400
5103
1761
4100
2297
2980
2736
1129
1589
1879
3179
2578
2698
1827
3538
2694
3289
1408
3822
2458
1102
2389
3870
2786
359
2154
187
4848
2633
768
2905
4693
1225
1841
1480
2337
4915
4015
2900
400
3878
4334
13
1761
4100
4968
2779
2297
1910
2578
2698
2971
3688
3538
1539
404
3822
2458
1102
2661
2389
1119
3000
4015
2154
2633
4848
1140
4325
4693
1980
4207
4808
1480
4915
2190
2900
400
2017
427
984
4889
4968
4912
2297
2033
1303
1155
2578
4705
4315
3729
3538
2983
404
1050
2355
2710
2458
1102
1670
1753
3263
3049
3592
2707
2154
2982
4924
1140
2633
2058
4207
4808
4915
2190
5050
2900
2017
427
2726
1950
1050
1405
4968
1381
1213
2033
3443
1155
3586
1169
4315
1834
3781
494
404
2410
4629
2710
2332
2758
1670
1753
3306
3592
5012
2982
628
1140
4962
1559
1446
4207
4808
5050
2190
4608
2058
427
2726
1186
1950
1761
1405
1506
3232
3824
4467
3997
2833
1213
4103
3247
1155
947
2033
1169
3484
1834
494
2710
3297
2455
1086
4629
2332
3586
1670
1753
4808
3592
5012
2982
5003
1559
1446
3816
5050
2177
4608
2058
1605
2726
1186
230
1826
1405
1506
1020
3232
3866
629
4043
1950
2877
2252
3331
3909
2961
4103
3247
1127
1213
3586
3431
1169
1834
494
5078
3337
227
1832
1086
4629
2332
1915
4836
5012
187
1559
1446
3858
1859
2088
4608
2220
629
1868
1186
230
1083
1059
3874
3232
4232
3122
4091
402
2252
611
2961
4103
3247
1127
3431
1781
5078
3374
227
1832
1086
3414
4739
1915
4868
1069
3129
3295
3898
1994
885
1859
2088
4843
2468
629
230
1120
1422
3187
3874
402
2252
648
2961
2074
1127
4958
3431
2660
1781
5078
1050
227
1832
3414
2588
4777
1915
4157
3129
1069
2032
1460
3295
2039
885
1859
2088
4843
345
1158
1422
2158
3874
402
3284
2684
4508
19
4958
1164
423
2660
1781
855
1050
2588
3414
3448
3129
4386
4495
50
1069
3186
4520
78
1510
3295
1448
885
3531
2306
345
3581
1422
2158
1636
3327
4508
19
4958
2397
1203
2660
2860
250
855
3186
3448
4490
4386
354
4789
78
2394
3437
4983
2069
3531
1567
4537
1673
1791
2356
517
345
3581
4798
980
2158
1209
1636
1622
797
1624
2086
4508
4986
19
1241
2445
1261
2860
250
855
3186
3448
4490
3038
354
2193
4789
1429
3640
78
2394
3478
4983
2069
1873
4537
2838
1673
1791
2407
517
4883
3581
4798
4550
980
3531
2146
1622
797
1662
2086
1636
4986
735
2484
1261
3222
2860
250
1302
1282
980
4490
4789
3038
354
2193
1429
3640
2394
4983
2069
1904
4537
4952
1982
1673
1791
1808
4165
1021
517
4883
4798
4442
4550
980
12
3464
1622
797
3959
2086
2146
2074
4986
1789
4462
1261
309
3222
1302
1282
3895
1176
238
3038
2542
2424
4830
1429
3640
2496
1926
1540
4509
2734
4952
1982
4320
1839
1858
2037
1021
4883
4442
4550
844
12
2146
648
2221
4546
2074
32
1789
2078
4462
1723
309
3222
894
4418
1302
1298
1282
3895
1214
238
2933
2542
2424
4830
259
2258
2496
1263
1540
4509
2734
4952
1982
4320
1839
1021
2037
4067
4442
1168
844
12
1570
3541
648
2266
4546
32
2078
4462
1723
309
3364
287
4418
1604
3795
1298
932
2582
2527
1177
238
2933
2542
2424
4830
259
2258
3751
2496
3750
1304
4733
4509
2734
752
3015
4320
1839
2853
2037
4067
1966
1540
2762
1570
3541
648
4366
4546
3008
4370
32
2078
1723
3395
973
2174
4418
1604
3840
1317
2527
2809
122
2368
2933
1177
3191
2258
184
2929
1576
2954
1342
4733
2101
752
3015
2853
4067
2020
3750
3982
2762
4771
1570
3541
742
536
3407
3199
2342
3544
3434
2213
1604
1136
1317
2527
2846
2521
122
2870
2368
3883
4348
3191
1681
184
628
2975
1177
2954
4430
4733
4316
3803
1394
3327
3015
2853
2101
2055
3750
2762
4771
3464
1448
536
3739
1170
1576
742
4280
3407
2342
3544
3562
1136
1317
4121
2558
122
3101
2368
2830
1001
1267
4376
3191
1681
2394
628
1576
2954
4430
4316
2101
3327
2188
3649
4111
4359
2372
3464
1448
536
747
2265
3739
3407
1932
1789
3147
2342
3544
3229
742
3562
1136
829
829
920
4600
3702
3149
2830
3114
1033
540
1681
4446
4591
4325
508
4430
4316
4329
3327
71
2188
1630
680
4372
1168
4359
2422
4111
4102
5105
1448
1802
747
1013
4764
1705
4587
3844
4453
4383
3197
3229
3739
2338
3562
829
1298
3029
971
4568
3702
540
2830
3165
998
1801
4591
2000
3518
4325
508
2410
3781
4329
948
2188
71
1674
3784
2017
1630
3322
1538
4372
715
1168
4359
4469
4111
4102
15
2338
1802
747
4953
4764
341
1013
3844
4453
4383
4370
457
2765
1742
3235
4315
4587
1752
1728
865
2532
4568
540
2767
1376
998
1801
4591
2046
595
4215
508
2410
2219
3781
4329
986
6
71
1674
3829
1630
3322
1943
3139
1538
4290
4568
4019
2338
2050
4102
744
912
376
4953
4764
1013
4370
4453
4383
3844
2423
2765
3362
2057
1802
1728
1742
3440
3324
2573
3614
3104
1144
1376
1622
1801
3408
2099
1650
3606
1411
595
4215
3658
2410
2219
3781
2460
1029
1674
3003
3193
3322
1943
4260
3963
4290
4076
4587
998
912
415
4953
2936
3034
480
2057
2463
2765
3362
3904
2004
2744
1728
1742
3440
3324
2619
2510
3698
2381
3104
1144
1376
1660
1650
3408
3427
3606
3083
1411
595
3658
2219
2756
4395
3614
2460
883
3818
4260
1943
3963
4290
843
912
2936
3034
480
999
2057
3362
3904
2004
2744
1160
4835
3440
2672
4696
3698
2381
3104
1144
5097
3427
1650
3408
3606
3614
3133
1411
2849
3658
364
2756
3925
4437
176
883
4014
2460
4631
4260
3963
2019
843
3108
2041
4534
1524
3034
1039
18
2936
3904
2004
2744
3490
1160
1121
2718
4730
4835
2381
445
166
3427
2083
252
1544
3353
2849
176
364
2756
4132
1248
2134
883
4631
4348
3972
2019
4319
843
3108
2041
4534
2734
4987
1577
1075
18
3490
4835
1159
3640
785
445
215
1226
2130
4938
252
176
2849
4169
4698
6
4891
3278
4631
4348
4002
2019
4319
2134
3590
3108
2041
4534
75
2777
4987
93
18
1620
3855
3490
4335
684
3308
4946
785
445
1394
1226
3004
4978
1024
4342
4841
252
1343
3278
2134
6
1798
4241
704
4348
4319
2847
1339
3849
3590
235
75
3567
4987
93
2846
1614
3855
4860
4335
684
4570
4985
785
963
3869
1394
1226
4888
3004
259
5018
5013
1062
4342
4841
5076
1343
3278
4673
1851
4241
4905
2847
1339
3590
235
75
324
3615
93
2846
1614
3855
4860
684
4863
5020
5079
4616
3698
1554
4032
3869
1003
1410
3004
979
5076
5013
1095
4342
4841
3990
2204
1343
4673
4751
4241
4905
2847
1339
3685
2992
4301
235
361
3615
1517
2846
1614
2283
4860
825
5116
4863
4683
4500
4654
3019
1043
4032
3869
1410
979
5076
5013
184
151
3990
2251
988
221
4751
4673
2034
4641
4905
1727
3685
2992
4301
473
814
3950
4232
1227
1673
1777
3615
2283
458
825
316
4863
3895
4714
3019
4032
4931
4375
4535
1330
979
820
3990
4630
2307
1031
221
4751
3406
2034
740
4343
217
4641
4430
2921
844
1727
3685
2752
2992
4300
4301
473
849
1842
3950
4232
1267
1711
1777
1274
422
2283
458
825
2209
326
4754
3672
3019
3995
3764
4411
1330
820
4630
771
1068
4663
221
740
3406
4641
2921
4468
1727
4232
2783
1991
473
889
3950
480
1274
1759
1777
422
458
2946
4548
2007
2258
326
1970
3672
1497
2658
3393
3806
4606
3720
1330
820
3042
4630
2828
915
2140
2161
740
4335
3406
2537
1528
1965
2921
4372
2501
995
2958
4393
2827
2037
3162
422
1274
1573
2946
4548
2054
1989
4455
326
1970
3672
1553
2705
3393
763
2815
333
4581
1039
3042
2883
915
3111
2161
3196
3304
1528
1965
416
947
4954
1032
2958
4432
1726
2095
3162
4320
4725
2308
1573
4802
2946
2281
1989
4455
3070
1970
1136
2756
3393
763
1267
1073
4624
1039
3042
3654
1624
3160
2161
3196
3342
1528
1965
947
3649
1069
4471
1780
1804
2126
977
3162
4358
4954
4725
2308
1573
4802
2443
1989
3070
4817
763
1267
1106
4662
1039
4196
3654
1624
3210
3196
7
2966
542
947
3649
3549
4050
2581
1832
3748
3863
4518
977
471
2308
4725
3780
4802
2443
4245
3070
4817
3702
1146
4722
4196
3654
1624
2352
2299
7
2966
542
3549
4050
2581
2902
787
3796
3863
4518
650
977
471
3780
4245
3553
2443
1160
1016
4516
4782
4817
2598
3804
4312
4761
4196
1787
2299
7
2966
542
1538
4980
3728
3549
4050
2166
2581
2213
2902
1820
825
4518
687
471
644
3780
537
3553
2598
352
127
4516
1469
101
5032
3849
1813
4312
4799
4215
3664
1839
2299
3112
5015
3728
3195
2166
2213
2902
1820
4727
3071
4042
726
804
774
3285
537
3553
2598
386
2677
4516
3324
101
5032
1518
4870
605
3226
2587
2987
1813
4312
118
1250
4541
564
3161
637
5054
3728
3195
2166
1820
4727
4042
4173
839
3013
3285
537
4944
2699
2677
2654
1516
101
5032
4027
4870
4775
605
4801
2587
2987
1813
4166
169
2478
1291
4541
564
3214
4058
676
3195
1251
4727
4042
1745
4203
2740
3060
3285
59
2783
4661
269
2677
2654
1516
4027
1554
158
4870
2557
605
4799
1495
2987
4166
1441
1544
4760
2480
2478
899
4541
2856
364
564
2587
4506
5022
665
1251
4295
2035
2175
1745
4242
1823
98
2783
319
438
4027
2654
1516
1554
158
5105
637
2601
1552
3381
4166
161
1441
1544
2478
5069
4295
2856
396
4733
4506
2088
665
1251
3695
2035
2215
1745
1194
3997
1530
912
1059
2783
350
891
2497
723
158
5105
637
3704
2891
161
1441
3985
5106
3758
2856
396
1809
4771
4506
2136
217
665
1205
3695
3849
2035
4943
2263
4295
2049
1611
1231
2681
3997
2983
1530
954
1059
4497
281
891
2697
723
2535
3704
5105
637
4478
2935
161
3542
3985
5057
5039
2215
396
1809
1180
217
2714
1827
1245
4439
2781
3695
3849
1318
4943
345
2103
1611
1429
1253
4594
2983
3989
3997
3057
1059
2956
3598
1530
2681
2627
281
891
2697
723
2577
4402
3704
4497
4478
4904
3542
3985
14
5071
2215
5092
1809
1180
5080
1484
4853
1827
2678
2118
4439
2781
1440
488
1318
4943
5096
2144
3133
4343
1253
4594
2983
2681
4627
3198
1611
3598
2671
3523
281
3669
2697
4497
4402
1410
4368
4478
3542
2026
2480
2171
14
5108
2215
3449
5080
2462
1180
2888
1537
4893
1827
2894
2118
682
4230
2781
488
1318
3101
4268
985
3133
1922
1253
4594
4373
3891
4978
3237
3598
2053
3523
3300
3669
2203
4276
2717
2259
4970
4402
4368
2076
2480
2171
2505
1053
3952
3449
5080
3565
2300
2888
2034
4343
660
2623
1753
2118
4416
4823
488
2130
2167
3101
4108
985
3133
1922
4406
3935
4978
2053
3523
2371
3669
2203
2960
781
3300
2145
1439
611
5008
3892
4368
4249
2171
3969
1053
3952
4663
3449
3565
91
1058
2888
1286
4343
660
2623
1869
3418
2300
4086
4456
4823
3686
2130
2205
3101
4148
763
985
4978
3273
2053
2421
3300
2203
3009
816
4249
2145
1486
611
3892
3309
3763
3151
3686
1053
3952
4663
1058
3565
91
3426
3418
1931
2623
1869
660
784
4086
4823
195
2300
2130
1647
794
2642
633
1785
4152
3273
4548
2631
2858
4461
3058
4249
2145
3309
611
3892
4436
4573
3151
3805
333
3686
915
123
3293
1058
819
91
4101
3464
3418
416
1931
868
1869
4678
4086
2958
2255
60
1689
2642
633
1785
2143
4152
3273
2858
2403
4455
4461
1434
3309
1085
2181
4436
4573
4742
333
2675
884
4677
3664
123
3293
4954
1385
2888
100
4142
4678
416
1931
868
3140
2255
101
5014
1754
2642
633
1785
2143
222
3983
4152
3579
2858
2403
4461
3593
937
1085
2181
4436
4573
4742
4521
3942
2675
48
884
4677
3664
123
3293
4235
2275
4678
145
4180
868
4424
46
3438
3140
2255
1601
5053
4049
4296
258
2143
1800
3983
2403
2329
1499
3643
937
1085
2181
1926
4302
4742
4521
3942
2675
48
884
4677
1964
3140
4235
2330
2195
1031
57
46
3530
961
1601
1807
3863
4049
290
3313
1853
3983
1593
4245
3528
2329
1499
502
1249
1052
937
2119
4399
2456
1926
4302
3942
4521
48
2873
2250
675
1964
4235
4076
4772
1266
1031
57
1825
2386
139
46
3530
1601
2959
4333
2543
4049
2763
3343
2023
1593
3727
3528
2329
1499
2471
1290
790
1086
2425
2119
3575
4708
4399
1926
2495
634
3320
2076
3584
2873
2250
1012
1964
4096
4076
4772
3581
1031
57
3578
139
1941
3530
2213
2263
2959
4333
2543
2763
1593
8
3903
3727
3528
2511
1331
3304
1497
1126
790
2425
4708
4399
3575
2534
2119
634
82
2076
3630
2873
2250
3314
4124
4076
4772
127
3627
3626
189
775
2056
139
4080
2536
4127
2263
1396
2959
4333
2543
1949
3584
4570
2763
266
2544
1906
3727
3903
4970
3252
1459
3304
1497
2425
1239
4775
4708
1545
3575
634
982
127
2076
3670
4493
3145
189
4219
3880
3662
775
2860
4123
2056
3401
2536
1174
2263
1396
4127
1625
1986
650
3584
4570
266
2953
4513
2544
1928
3797
3903
2031
4970
3252
216
1509
3304
1497
4494
3557
4775
4799
2200
1545
982
4916
4760
4493
3145
2502
189
4163
3921
4219
775
2056
3401
2536
1174
4155
1396
4127
1625
4135
650
3584
4570
479
3692
266
2953
4513
2457
2854
2031
4970
3252
353
1566
3797
1621
3966
4731
2979
1439
4776
4799
3381
4545
3596
982
4916
4760
2200
4493
3076
2502
2647
4163
754
1545
4341
4778
4219
4494
3401
1612
965
1174
4155
1236
1625
2989
650
2339
1452
479
3692
2900
2953
4513
2498
3253
3203
2775
3854
2031
388
4618
3797
136
4494
4731
2979
1439
3381
4590
2200
2612
2535
4916
16
1126
2502
2647
4163
1163
4341
4778
4854
4066
298
1612
965
4155
1236
3035
2651
2339
1452
3532
3692
2945
1763
102
4736
479
4254
3253
3203
2775
3895
136
4790
1863
4731
2979
1439
3241
4636
2122
2210
2535
2654
457
1126
19
2647
102
627
1357
753
4341
4182
4895
4066
4778
298
1612
965
2006
1236
1642
449
3079
2651
2339
1452
3599
1409
4736
1763
3989
1315
4254
3253
3203
2775
136
4826
1863
2906
4856
4600
3241
2122
2210
2535
4677
457
1126
51
102
1771
627
4284
1957
4182
4935
4066
1118
3636
298
4439
918
1150
2006
1392
1642
2522
449
1617
2651
35
3204
3794
1454
4736
1763
3989
163
146
5019
2861
4254
397
1908
472
591
3522
3373
1863
2906
1315
4856
4600
3241
2810
3151
2210
2122
2934
14
457
95
454
4161
627
960
4323
1957
4182
3636
4308
1156
873
718
2111
4785
156
2006
1642
2522
449
1617
143
35
3860
4951
1868
2644
431
163
146
4063
3522
1315
397
1931
3682
1212
5045
628
3373
3966
2906
5041
4856
4600
1150
1715
2810
4595
4029
2934
1078
213
2373
1471
494
2938
4161
1150
1957
4308
3305
3522
873
747
2111
4785
207
3940
431
4432
2522
1617
194
35
1922
4951
3005
2644
1868
163
146
5026
3864
4063
397
1961
3722
1212
5045
665
2448
3373
3966
4435
5074
1763
2373
213
2810
4595
1758
4029
2934
1078
5031
2842
527
1471
4308
1471
4424
3860
873
2111
4785
249
3940
4432
3860
5103
2939
4660
4951
2872
2644
1868
1758
4063
5026
3864
382
595
350
3586
4552
1212
42
3238
4191
5110
1818
2373
213
4029
4595
3394
3399
1093
5063
1078
2842
4424
4724
3940
4432
904
2939
4688
1758
2916
365
1562
3348
2113
382
5026
1196
350
3632
4552
4226
3864
3238
3145
76
1369
1661
3432
2580
3394
3399
3230
5098
2176
613
2842
296
4724
3847
1328
5094
904
2939
4719
691
983
571
365
1562
3381
2113
382
1233
350
3668
4552
3400
117
3238
2176
1408
3164
503
3432
2580
3394
4598
3399
5097
4584
3273
3718
1385
326
4959
1701
4724
3847
1328
4829
1342
904
3317
3969
4542
691
983
365
5094
1562
3418
2113
2791
3579
1430
186
4096
2384
2176
4338
1446
2606
3164
503
3432
1150
2580
4598
1748
2098
5097
2425
4584
3344
2114
3718
1385
508
4959
3280
1783
3438
3847
1328
1813
4829
1342
546
257
3969
4584
1566
4336
983
691
4871
968
3579
1730
2791
4096
2384
233
692
4338
4100
2606
3164
503
2642
4265
4598
2465
2098
5097
4584
2114
3718
1916
1465
2581
4959
4504
3280
1838
3438
1864
961
4829
1342
546
289
944
3969
4640
816
1676
1953
983
2663
4871
4146
968
2791
1784
3965
4096
2384
728
4338
2305
4119
1290
4302
2689
4265
3569
2098
1873
580
2148
675
2861
2114
4504
1916
4281
3964
3280
2170
1898
961
546
944
4537
3820
816
1676
909
1953
4712
3379
2663
4871
4146
968
1836
3965
755
2305
4154
1290
162
4281
2628
4265
2148
1873
580
675
2861
4504
1916
3558
3964
3351
2170
944
3161
4575
2046
3820
816
1676
909
1953
4712
2663
1899
4146
1392
2211
178
3089
5013
3965
3610
790
4604
4173
2305
933
1290
162
4281
1814
3216
2991
2148
1873
580
3091
4890
4054
127
1003
3964
3351
2170
110
2046
3820
4652
909
4025
4274
4712
667
3766
1478
1392
2211
2225
3089
5052
3610
4604
4173
974
162
4161
1865
3216
3147
328
2991
3091
4890
4054
1899
1003
3351
2320
1842
4617
4911
2955
4652
2441
4025
3552
667
2544
3766
1478
1392
920
1243
2272
3089
1697
3774
3610
109
4604
4173
1015
3216
1850
3147
328
2991
3091
4890
261
2211
1899
1003
2320
1842
4658
3031
4955
762
2999
849
4652
2441
4025
3552
667
2589
2123
3766
2464
920
1279
172
3774
1697
1478
5019
2244
2248
3147
1850
328
5114
4551
2486
4525
261
383
2320
3936
3463
1842
1422
4682
3074
1211
762
3238
849
3552
5019
4386
475
2589
2530
2464
2486
1323
354
3774
2801
1697
824
2244
4636
2311
1850
1037
2325
5114
4998
1189
2617
383
876
261
4497
4551
3970
3999
2592
1468
475
5024
3161
4685
4423
3696
849
1358
2453
863
728
2589
704
2486
3102
2464
3941
2034
389
3419
5045
2892
2244
4636
1895
2653
2353
1037
2325
5114
2618
4998
2366
2617
876
137
4531
4551
4000
4045
2639
1536
475
3161
3475
4685
3739
1358
863
2453
728
704
3122
2086
792
1861
1259
2936
1350
4636
1895
2653
4134
841
3661
3970
1037
2325
525
2618
4998
2366
2617
4054
876
137
4571
618
3096
908
2691
4606
2526
1500
3519
4685
3778
1358
863
2453
728
37
704
3122
2761
2133
828
913
522
1462
4225
4171
1895
2653
3970
1647
875
2829
3661
3798
3096
556
2618
3076
613
2366
259
884
701
919
3636
618
950
4640
3096
3973
4233
4589
2441
2740
1919
1968
3122
3328
859
913
553
410
2383
4225
1009
697
3970
1647
2829
3661
3798
3096
587
3076
613
86
292
923
327
919
567
4801
1229
4030
987
4640
3659
762
4003
4233
4589
1513
1946
2740
1968
3026
3152
913
582
410
2594
4225
74
4114
2880
1647
2829
1541
3414
86
919
321
965
2237
567
4801
1229
4030
4036
2932
1158
4640
5103
4071
1819
4233
4589
1723
1500
1968
3099
1795
3207
2794
607
1962
2641
4971
115
372
2986
2606
4152
1541
3452
86
2293
3010
4801
1229
4030
2036
2932
1158
4082
355
2808
649
5103
4115
567
4747
4015
1500
5019
2841
1795
3246
4683
2794
607
4189
4971
1108
4750
3032
372
2920
4711
1518
1541
1488
3495
4257
4716
3010
885
2036
2932
1158
5028
390
2808
649
155
3984
4781
571
357
3910
4567
4059
1500
2841
1795
2920
4683
2794
607
4227
4971
1148
3076
2139
3375
4745
372
1518
3256
1488
1104
3566
4716
3010
2036
3106
431
5028
5094
2808
426
4935
206
3984
649
4817
571
357
3948
3348
4705
2841
2920
4683
1598
4267
1210
4886
18
2178
3375
1423
3798
2512
1518
3256
1488
2731
1104
3566
1645
4716
3834
3056
4487
3311
3106
5028
4170
4935
4871
3061
2046
1566
3043
3984
357
4150
3348
3102
2772
3204
3424
1598
1210
1465
4886
2048
2218
3375
1643
1880
2512
3256
4593
1887
888
2731
1104
3566
1645
2629
333
3834
2577
3056
4487
3311
3872
5047
4170
3106
4935
1566
3621
3348
3102
2772
3204
3160
3722
1598
3424
1210
1465
4886
2102
3461
3569
4593
2512
2834
2672
1887
888
2731
4369
1024
1645
2674
4612
464
3489
368
3834
2806
3056
4487
3311
3872
5047
4170
3379
3699
3234
1423
3621
1087
644
219
3250
2772
3204
3160
3722
1729
3424
2609
448
1180
562
3569
1045
4593
2834
2672
1887
888
953
4369
1024
984
2565
4612
2602
3489
2295
2806
1648
1423
4071
3872
5047
3379
2236
2231
3234
3621
4928
1087
644
219
3250
3699
3335
3160
3722
1729
4695
5082
2609
2393
4815
4903
1221
448
562
2057
4668
623
1045
2834
2672
953
1226
4544
4369
1024
4031
4612
2609
3489
984
2806
1690
2644
1423
2144
4071
3379
2236
3699
3601
4928
4317
523
644
219
3250
3440
3335
2393
1289
4695
5082
4264
4815
4903
1258
448
562
1729
4507
4703
4697
3610
623
1045
2110
953
4599
2313
984
4031
28
2652
1729
2144
4071
3817
2236
3524
3601
4928
4353
1744
523
2150
2608
2361
3481
3335
2393
1289
4695
5082
4090
4815
1350
4888
3205
4903
3475
4507
4703
4866
3554
3652
154
623
1918
2407
1171
4638
4031
1367
61
4560
2144
3389
3817
1731
1007
3573
222
3601
3215
1744
523
2293
2608
2361
3531
920
3396
1289
3901
4285
3245
1350
1918
3475
4507
4703
484
1643
3554
204
3686
2407
1171
3476
1602
102
4013
4547
4560
3389
3817
1731
1047
3619
222
2132
3256
1744
2293
2206
2608
2361
3396
4324
3475
3289
1918
1009
1794
2397
484
3554
1119
248
3689
3706
1171
1804
2407
383
1637
4013
4547
2142
4560
3476
3389
3276
3442
454
2518
1731
1545
222
1080
3298
2293
2206
3396
2824
2475
2584
1009
1794
2397
484
4198
1119
3689
1194
1093
3706
3638
1804
3476
942
1112
4013
2183
4547
871
2142
3318
135
925
3442
454
1591
1823
964
4607
3202
2206
2680
789
2188
2475
3279
2584
3168
1794
2397
1119
2471
3689
1194
1093
3706
3638
1804
2313
942
4915
1112
137
2183
2575
812
2142
81
135
925
4606
2526
3442
1629
3679
454
1872
1005
4607
3202
1911
2761
1541
2680
871
2239
1511
759
2475
3323
2584
3168
1066
2926
2471
1194
1093
3719
3807
2313
3986
4957
1112
2183
4339
618
812
942
2575
53
135
871
925
4606
2526
879
1903
4567
1044
3202
4020
4138
2761
1572
2680
956
2307
759
3286
3520
3168
1596
1732
1239
2926
2471
458
587
3851
3954
4027
1000
2575
4339
3509
53
1403
913
768
3889
2609
3059
2120
1513
4567
4063
4176
2496
2811
996
410
1897
2307
759
3286
1835
749
2880
1596
1786
1239
2926
274
587
4844
3893
3954
4072
3754
1046
3354
4339
987
53
964
4483
1403
492
957
88
768
3889
103
3059
2120
1513
4378
4205
1937
4530
2811
1035
1306
2085
3286
2009
3395
4188
1596
772
994
1239
3347
305
587
2880
4878
3354
3954
3069
3754
1230
2798
4000
749
987
964
4483
1403
492
103
88
768
3889
3059
4568
4378
4515
1440
3848
1937
749
2811
789
4551
1306
4794
4750
2056
3395
1308
661
4281
772
5057
335
3638
1329
5073
4837
2207
3754
4000
2798
4257
1644
987
964
3354
4483
4202
492
103
88
1694
3848
4554
1440
3328
3832
4707
1937
5023
5078
789
3359
3777
1306
4794
1188
4052
3395
4750
1345
661
4321
772
2378
5057
3154
1393
1329
4257
4837
2255
4000
2798
719
2898
560
1644
4850
5042
1963
581
4202
2231
2768
1788
4755
1694
3848
225
1440
3328
3832
4707
5023
5115
1466
3389
3777
2301
4794
4052
2707
1380
661
969
3090
4588
5057
3219
521
2561
3154
1393
1329
2465
4837
560
2045
719
2943
3694
1644
4850
5042
2005
581
4202
1643
2231
244
1788
4796
2963
3043
4929
4390
1694
2768
3832
4707
5023
25
2334
1298
3777
1694
3240
4016
4052
265
2707
4740
4796
521
3090
4634
2301
4085
2561
3154
4164
1393
2465
4294
560
2045
719
2992
2577
5081
371
5042
2052
581
1643
4850
244
1788
1574
2963
3043
4929
4390
3694
4828
2768
2409
1364
2432
2334
1506
3282
1735
4796
666
4888
265
2707
2591
215
521
1560
3090
3347
4128
2561
4778
1025
4164
2465
246
4294
1297
3461
2045
4822
3694
2577
2157
3123
408
3392
1519
1821
3994
1138
244
1618
2963
1732
4929
4390
3403
24
3720
2417
2409
4014
4656
1364
2472
2334
1563
4077
1120
3479
4796
4888
265
2360
2591
215
5068
1603
574
318
3347
2059
4255
3461
4816
1025
4164
3696
246
929
1297
4922
4855
2157
1223
3123
448
3432
3230
1519
4827
4040
1821
2406
3234
1845
1138
24
2665
3403
2447
3720
1087
2409
4014
1732
2068
4656
1364
546
2512
1120
4401
4077
4649
2518
2910
1997
2416
2591
479
5068
1641
574
318
4255
3570
2059
3428
4069
1025
3153
3696
246
4309
1554
1980
3113
3928
5068
2068
4510
2157
3416
1223
3123
3473
3230
1519
4827
4088
1821
2406
2446
2409
1138
24
2665
3403
2488
3720
4014
4878
4656
577
4077
1120
1967
4442
4649
2518
4877
1997
2454
2881
511
929
1358
574
318
4255
3570
2059
3468
4069
3696
1094
4350
1601
1980
3962
2068
2337
3455
1223
1297
3230
4827
3143
4404
2406
2485
4460
4918
2665
3021
929
948
4878
284
2109
2760
770
1097
4649
3066
2518
4918
1997
2881
540
2566
1393
3271
3570
23
3687
1609
1830
786
1094
4380
1638
1980
761
4686
663
2337
3499
4404
2700
4494
4918
1732
948
4878
313
2109
1503
2100
3072
807
3901
3779
3066
519
3008
2881
3529
2566
1436
3271
1016
23
4367
1830
1609
786
1094
1565
761
4686
2137
2337
2866
4624
4404
3879
4918
3198
4873
948
4311
342
4555
1503
2100
2109
3072
4075
3822
3901
3066
1798
3243
5115
2399
3587
2566
1420
3271
1016
23
1609
1830
786
1034
1607
761
4686
2137
112
4624
4138
4647
3919
3198
4917
1682
256
2715
4311
4555
3072
1503
2100
3042
5115
4118
3864
1752
3286
1798
2890
2399
3637
1467
2779
1016
264
4447
3153
4264
1033
3976
1034
190
1237
2137
2970
160
2596
1357
4624
4138
4676
616
3198
4959
1682
3651
256
2715
4311
4555
5115
3088
4156
1752
2435
4419
1798
2835
1425
2933
2399
3130
1516
1908
2779
264
4264
657
3153
1034
1033
299
4009
190
1237
2970
2596
4923
3206
1883
1357
3143
4138
4707
312
2715
1015
1682
4607
3651
256
1590
3138
4459
1752
2435
619
3046
2835
2980
1471
3896
1908
2779
264
3130
695
4650
2253
1033
1917
299
4054
1237
3616
2970
2596
4923
3206
1883
1357
3143
1161
4502
312
3416
2710
1015
4813
3651
4130
1590
4642
2720
1615
698
1272
2435
654
3046
2835
3792
3896
1908
3130
2650
2721
2253
4028
1942
299
1477
3616
1161
3388
3206
4923
3416
1198
4538
428
312
2761
1015
4813
4130
1672
144
4500
1590
4642
2720
698
2706
2307
820
3046
4093
3896
1207
4998
1238
1852
2253
4028
7
1538
3616
1161
3429
2363
3416
1235
2777
4574
428
2802
4130
4813
2120
1901
144
4500
3613
3166
4642
1939
2720
1574
698
2706
1453
2132
2301
4093
1207
3491
3506
1219
1238
1852
4028
2511
3392
3469
2363
1946
3050
549
2777
1212
428
749
2572
4906
437
1922
4378
144
4500
3613
3166
1574
1199
1939
4353
2217
2706
3773
1453
4126
4093
2543
1207
3491
1219
1960
393
4395
1238
432
1852
3274
190
2511
3392
2363
303
3050
2777
1251
56
2572
4906
437
4512
1574
3613
1939
126
1442
4353
3897
1453
3773
3906
4126
1746
2440
3491
1219
2002
4689
4395
2730
467
2771
3274
4379
4752
1338
2511
3392
303
3050
1292
97
2572
437
578
2865
126
1501
4353
3528
3942
3773
3947
4126
3894
1746
1993
2440
3181
2730
4689
4395
507
2771
1666
3274
4379
4752
3066
4510
1338
303
4811
573
1655
305
2377
578
126
1273
1548
3577
5004
3983
4016
3939
4449
1993
2440
5067
1719
2730
4689
1861
2771
1666
4379
1675
4752
3119
4510
1338
446
3184
4840
573
3791
305
3021
2377
4660
578
4583
4976
1273
214
3623
2003
5004
4016
666
3974
4487
1993
5067
1861
678
3639
4895
1775
1860
1666
1675
3170
2435
3184
573
3836
305
3021
2377
4660
3242
1631
4626
4976
214
1861
4657
5004
2724
666
1493
4521
215
5067
1932
678
2976
2096
348
4895
2686
1860
3459
4922
1675
2606
3184
5041
2866
2923
3480
2382
371
4660
3242
1631
4664
4976
214
2754
4665
2140
2724
1493
1932
678
4681
348
4357
529
2737
4095
3504
1860
4895
4922
1170
4643
4294
2878
5041
2866
2923
3525
4620
1042
3383
2528
3254
3242
3876
366
1631
2754
1634
2140
2427
1746
1493
2724
3453
4069
1932
2807
4681
348
4124
4357
4083
706
2744
3554
1483
4095
3956
4671
1170
3830
2878
5041
1183
294
2923
4866
3574
4656
1042
1087
3383
2528
4947
3254
4728
366
4721
2754
1171
1634
228
2140
4911
4209
337
3453
2807
4681
4124
4357
735
4083
2785
4095
3799
4503
1183
4058
1567
1170
3871
5021
2878
4947
294
4961
4866
137
4283
992
1042
1128
2528
3883
113
3254
366
4721
4345
1364
2003
394
337
1634
4209
5066
461
519
3453
3956
4399
2807
4124
3749
4083
1183
4217
4911
3843
4503
2802
4058
1567
3956
4947
5047
3279
294
4961
4866
185
992
1836
1167
3883
4846
113
3239
5091
473
4721
4345
1400
2003
433
337
4064
4209
5104
461
519
4022
3087
4592
3749
4911
4596
4503
2802
3607
4058
886
3617
1567
5069
3279
1460
4961
2685
229
992
1836
4092
3883
4880
113
187
4048
2618
4491
2439
4345
4038
3087
3077
3762
4064
1475
14
461
89
4069
4729
304
3749
858
1055
260
3099
3607
2451
886
5069
3279
3846
599
3119
3902
1460
653
2564
4592
1836
2685
4092
4920
231
5074
4048
2660
4491
2439
4084
220
3077
3762
4074
1475
89
4109
1885
4729
304
858
1664
1089
4258
293
3578
3607
2451
886
1946
5069
3099
3846
1460
3119
636
3902
653
2630
4592
4177
3724
2264
2685
4092
1930
5074
4048
4491
2439
3312
4127
220
3077
3762
4117
1475
89
4273
1913
5086
4729
858
4406
4650
1664
4258
3578
3806
4336
2451
3094
1946
1883
3846
674
3119
2585
653
2651
4592
4177
3410
4906
384
1930
3099
5074
3095
2155
3312
2877
2759
1281
1395
777
4894
614
1348
1937
1524
5086
3144
1692
1664
4406
4650
64
4258
3578
3806
4336
371
3094
302
1547
4222
2585
3095
1830
4166
4177
692
384
1930
1921
694
2155
5091
3312
2877
2797
1281
92
3783
1314
1395
4894
614
3085
1348
1524
5086
3144
4406
1272
64
1780
692
3806
1581
4336
3072
812
3094
302
1547
874
3332
371
3095
2004
347
4486
384
4875
1300
3641
1921
694
2155
5091
2562
2877
2835
1281
92
1395
3783
1540
525
4894
1133
614
2702
3136
1348
2597
1524
1792
3144
4250
1272
64
3813
1780
692
132
3124
2331
302
1547
1585
909
3332
3166
4107
2051
379
3449
3622
1605
3641
3036
1300
1921
694
3047
1236
2600
525
2773
1731
92
3783
1584
2015
2702
3177
4644
2597
324
393
1792
4250
3636
3612
3813
4567
5100
4735
1780
510
3349
132
2331
1130
3496
1032
1585
3332
3902
4107
3490
419
3047
3641
1649
1272
4244
3080
1300
1276
4642
1320
2773
1933
2052
903
2015
525
2702
4644
2597
324
393
1792
2047
4250
3734
3612
3813
4613
10
4735
3691
510
2331
132
1032
3496
1585
112
2266
84
4107
3536
3047
2382
2848
4825
4244
3130
386
80
2705
4882
1356
2773
1968
1209
903
2015
171
2052
2585
4644
1338
2033
324
1396
3734
3612
4206
3732
45
4735
4070
510
4293
2295
1032
3496
1340
112
2266
84
828
2382
2848
4825
3284
4244
386
2705
505
4882
4455
3823
2052
903
171
3301
2634
1719
1376
2084
783
44
990
1441
3734
1669
4879
689
1398
4070
2295
4293
112
1340
2266
4598
84
828
2848
4825
3284
2545
386
2705
505
1273
4882
4485
3865
171
1257
3978
2360
1719
783
2131
990
44
4524
1491
4150
1707
4919
689
1398
4070
2295
4293
2474
4151
1340
1391
828
1299
3677
3284
2590
5109
4840
505
1748
1386
1070
4520
4084
3905
1257
4921
3363
5110
783
3547
2341
990
44
503
3550
2360
4524
4150
1770
689
1398
1749
3512
3386
2697
4151
3508
1391
2136
1336
2889
2493
2636
5109
4840
1748
1386
3162
4084
2252
4665
1257
4921
3394
5110
2360
3547
2341
2343
5038
3550
534
4524
5094
709
3660
1749
1054
3386
3557
4150
3512
4151
208
1391
2136
4452
2883
639
2607
2531
3406
4674
5109
2889
4840
890
1386
4862
1748
1474
3208
4084
4501
4665
1767
804
4921
5110
5070
3547
2341
2343
5038
3550
2696
4988
4170
3660
1749
1155
3386
3557
1054
4114
3512
208
3055
2136
4420
2883
639
2572
3445
4674
1865
3009
890
4862
2092
1528
3409
4536
4427
4810
1822
3301
804
5070
4226
2028
2343
242
604
2889
5025
4200
3660
1352
1054
3557
3917
4754
4114
2796
208
3105
2949
4463
2883
639
4340
2563
4674
3664
3009
2392
890
2952
2545
3786
4862
3671
4725
1865
4854
4810
3082
4427
3301
804
1716
5070
4226
1883
2028
242
604
2044
4619
3218
1389
4114
4754
3897
495
2126
2796
4313
5082
3153
2945
2676
1843
4496
4518
4340
1169
1865
2949
3009
2392
2952
2545
2375
4765
3551
4427
4810
669
3082
1716
1414
4226
2075
2028
2335
3190
3827
2375
2719
604
242
2044
4619
3218
2802
3617
4754
3897
495
2126
2796
249
4313
2949
2945
2676
1843
2826
4557
4340
1207
3415
3551
2392
2040
2952
2545
2429
1635
4048
3976
669
4064
4465
1716
1414
3082
1421
2392
273
3869
3190
2375
2719
2488
1415
2044
4619
3218
1227
3617
3897
495
2126
3079
4313
4300
2945
287
2676
2867
4601
3383
1246
3415
2271
3551
199
1436
2467
1635
4786
3593
3976
669
2953
4465
1414
4140
1421
4602
273
304
3190
2375
2719
2488
5038
1415
107
1227
2169
3079
3940
2472
4300
287
5000
2588
3724
1076
192
4443
3415
2513
3462
3282
199
1436
5089
1635
3125
4819
3087
3255
3593
2540
300
3192
1796
1792
4465
4273
4177
3976
4271
1421
3947
273
2294
950
356
4839
946
4240
3675
107
2488
1227
3339
3079
3975
2472
287
743
2637
4275
1076
4479
2550
3462
3282
3724
199
1436
2428
1674
3125
1699
3299
2105
3593
2540
300
3234
1849
1844
3026
4273
4207
2141
4312
3947
1933
5027
950
532
4839
4963
716
3675
107
3041
3375
838
4008
2585
2472
767
880
4802
4275
1076
4585
3282
4473
2105
1712
3125
3422
622
3338
2141
2540
300
2228
2503
2018
4305
1887
3435
3026
4352
3947
1933
950
3675
4839
4963
745
838
2426
3041
3413
914
803
1843
4275
1575
2123
476
4269
1133
155
4710
1941
4508
2105
1683
3460
622
4585
286
2228
2503
3026
1105
3435
1696
1708
1190
1933
838
1847
4963
4344
2466
3041
3110
3893
3011
1250
4625
1725
2123
1575
2445
4269
4158
1133
155
4744
1941
4449
2595
3505
622
4585
318
476
2228
2503
2077
1145
3058
3435
1248
3177
1696
1708
1190
1759
2757
1096
180
1847
598
4344
4507
3110
2092
3893
1250
4625
1725
2123
1942
2445
4269
1575
936
155
1912
1941
4449
1313
4273
754
1658
349
476
1535
2077
3058
2757
1248
3177
1696
1190
1759
1096
180
1847
635
4344
170
2626
3110
3556
1445
2092
3893
446
1250
4625
1725
2990
1942
2445
936
1912
4696
1197
1940
122
2358
4449
3501
1840
4314
754
1658
1405
446
1157
1535
2077
3058
72
1248
3177
5027
1759
1913
1096
4870
180
2334
709
219
2686
2675
4110
1896
3605
1445
2092
4012
1157
2990
1942
936
1048
1912
4696
1197
1940
173
2358
3123
1997
2303
922
1658
2871
185
4985
606
1450
1535
1840
72
1424
4110
5027
4671
1913
4621
2999
4914
4914
709
2067
387
2686
1402
4110
3645
1896
2729
4416
4012
4699
1157
2990
1925
1048
4696
1197
1940
2358
3175
2042
1840
2436
2871
185
4985
606
3402
4699
72
4307
2227
4671
3446
1913
1278
2999
4914
4827
5109
5101
5092
2686
3726
4110
3645
1896
4012
2184
4781
967
1974
1048
1474
4522
1070
5093
757
3402
4408
2871
185
4699
2704
4346
2227
4671
3446
1321
2999
4914
4859
2069
4556
5092
3769
3645
2556
4569
2227
716
4781
967
1974
341
1474
4522
1070
3402
2807
4408
4694
3680
1244
4204
3092
2704
329
2227
3446
4700
3732
676
2156
1115
4901
25
4556
5092
2398
3272
2597
4569
2274
4452
716
4781
967
1974
4478
341
1474
2704
543
4875
4522
11
846
2845
5099
3934
4694
3680
1280
2742
1488
2344
1620
2704
329
4700
3093
3732
676
2156
1153
1806
25
4556
1383
2398
205
1777
1445
4728
4569
4452
716
4094
4638
341
4712
543
1401
11
4471
1660
5099
1550
3966
4939
4694
3680
1324
2742
846
1543
1620
329
4700
3768
3093
3732
676
2156
3991
1806
3576
25
2558
2398
245
4065
3239
4728
4691
1327
4139
192
2563
4638
3936
4746
543
1401
11
4471
1660
5099
234
1599
2476
3996
4854
4985
2742
3019
2422
1620
2938
1235
4939
846
2294
2776
3768
5039
3093
1652
1806
3991
3979
3576
1351
2558
4122
2466
1701
3239
4728
4691
1327
304
4638
192
2563
2222
3462
533
1401
3936
3521
4471
1660
996
234
1634
2514
4480
4854
4939
3063
2422
2938
2463
1235
2109
2294
2776
3768
5039
2312
1652
4350
3991
3979
3576
1386
2558
4988
249
3239
4691
2172
1848
334
1327
3989
4089
4482
2269
562
3936
791
3521
4514
996
234
4408
1880
2917
2422
2365
2463
1235
430
114
1080
1470
2776
5039
2312
1652
2766
3979
2036
1623
4988
249
3325
3136
2172
1848
369
2030
1720
4033
451
4089
4482
597
2837
3275
3521
4552
996
2917
1880
2623
2929
2365
2463
2563
114
1080
1470
2602
104
1878
2806
2312
1415
2291
2241
4988
3325
489
3136
4331
1848
5017
2030
1652
2172
4089
4482
451
1173
2837
4777
3275
3472
2917
1790
3272
2955
2662
2929
1880
2192
2365
2603
2314
114
1080
1470
2602
104
1907
2844
2418
2823
2342
2323
474
504
3325
524
3136
4379
5055
2030
3949
3682
4822
4513
451
686
1368
2837
4777
1482
3516
2192
4541
3272
2955
2709
2929
2314
2080
2602
104
561
4574
2418
1930
2866
1689
4292
2348
474
2399
504
4753
2390
2611
3682
1736
3985
4822
468
3603
1404
4777
2635
2722
2167
1482
3566
2192
4580
3272
2141
2955
3377
4333
2938
2314
2080
4653
4967
4574
2418
2909
289
1689
974
4292
1110
474
1091
4753
2390
2055
4160
504
571
3682
4214
1736
2328
468
3603
1943
2635
2722
1004
2167
1482
4126
3377
3561
1925
3543
3914
2080
4653
4967
4574
76
1588
2067
1689
974
4292
1110
4159
3740
2509
2390
2055
4193
4753
606
3365
4214
1293
1790
2328
1736
289
468
861
3603
1984
4783
2722
2931
2635
2167
