8.432715386050940731e-01 1.916493457691390034e+01 1.614839115154383387e-01
9.875176191365917511e-01 2.127623613341034314e+01 1.831565634432351375e-01
5.091715440209643173e-01 1.604805569576708990e+01 2.568360521193536194e-01
5.347451635321666119e-01 1.598145310431075927e+01 2.209415166280723763e-01
3.002004900212791316e-01 1.630616466856719882e+01 2.017651399910431465e-01
8.680628278451137936e-01 1.958409617628824506e+01 2.033215344782763889e-01
2.538804426583181062e-01 1.735102095926121990e+01 2.430197524837522938e-01
3.380255348907057478e-02 2.161239411969924973e+01 1.699679889225451379e-01
2.973183347427584833e-01 1.702106538189562812e+01 2.156332218996116212e-01
8.136558617209020960e-01 1.815585568483023238e+01 1.752971802790085354e-01
7.123462286979183045e-01 1.692350233592292952e+01 1.779733686839885809e-01
6.264657182797499502e-01 1.613932343063738273e+01 2.086769549692545633e-01
5.978695855570268503e-01 1.647125061717455807e+01 2.057615656988511788e-01
1.016679666698228068e-02 2.130463924018610555e+01 2.356365674449123204e-01
3.222374551273402554e-01 1.641772873703189362e+01 1.931314393917674399e-01
7.114091315657276038e-01 1.683763178756987955e+01 2.171302597498933895e-01
5.929691444630633690e-01 1.619672570854561044e+01 2.383842614354718392e-01
7.697892971371285142e-01 1.734470406537188580e+01 1.811590093121080436e-01
2.422390375999853296e-01 1.762025958459120289e+01 1.718326911362956788e-01
1.094078978823763704e-01 2.021164451100513659e+01 2.464693496747045187e-01
