3.784434462569464808e-01 1.757396406017275936e+01 2.597506044999823849e-01
9.409086228402346874e-01 2.538837450347579860e+01 2.445093546394450645e-01
8.257173211759084586e-01 2.002845965283252738e+01 2.086177477724134588e-01
9.093532398087629254e-01 2.409884848984934180e+01 1.483300288531162747e-01
6.505132921526286527e-01 1.742943401677496240e+01 2.132575926947045952e-01
2.912722909451517239e-01 1.821090625912901118e+01 1.815419687574282293e-01
5.267958871628305451e-01 1.720238628056073082e+01 1.243666070971377463e-01
2.015678025225398073e-02 2.592754449550146845e+01 2.276171870144659548e-01
1.009390665556209044e-02 2.615275798653629025e+01 1.801353647287567972e-01
1.634667432389491637e-01 2.029694415218981973e+01 1.638508265655931884e-01
9.927348150669842441e-01 2.571720653882494290e+01 1.149502449506033946e-01
4.263463695401215059e-02 2.555201523318310919e+01 2.008471670293509870e-01
7.767728707986620851e-01 1.907072114366268423e+01 2.347778266865462871e-01
6.266671484599412034e-01 1.769332161793209224e+01 2.163122730339825106e-01
4.139075873334359112e-01 1.715497579736598155e+01 2.218595923456459507e-01
5.178179740375682405e-01 1.704258571841441849e+01 2.621605969754195464e-01
1.809818046336514330e-01 2.001175839213011898e+01 1.679764871589972952e-01
4.518151355168311678e-01 1.698287771042519623e+01 1.701517889396352290e-01
3.206833825202051180e-01 1.761135081355572041e+01 2.179650383391856516e-01
5.243651116988907734e-01 1.704108570125104194e+01 2.073831201318014905e-01
